P1,P2,DC,Err
53081600,53081700,-19.260225433343805,0.007137391107982075
53000201,53000300,81.81744676267768,0.006914716556341562
53081200,53081100,-32.921480311680256,0.007375395986992959
53010901,53010701,-14.041885377545782,0.008131596109070506
53085200,53085300,-11.166846282981396,0.0084550057656586
10525200,53003402,-34.8416348312453,0.010403169015636949
10525200,91021800,-162.02277549157753,0.010633139545036719
53004501,10215700,6.227498901521756,0.010888279109545243
53083300,53012502,71.32802450288352,0.006881904960755323
53012600,53012502,-54.53983717520856,0.007084582706103284
53080600,53080700,-99.16287456719145,0.006894485553910686
10104601,10104600,-0.28744835378904554,0.004069818536876416
51038200,53011900,34.296855612295474,0.009368006934854704
53010200,53010401,91.982978172363,0.008856218098439388
92000300,53084700,138.49245264658282,0.006753561270357805
53007900,53008000,-12.308790583364313,0.009934529506870697
53005601,53005601,0.0,0.008051832691561383
53084200,53084300,-3.7780930301901208,0.006546900773950777
53082001,53081900,2.8634368174456597,0.005292881990304692
53011102,53011001,-51.02776879452108,0.007426403800186494
53083200,53083300,-48.1003566069777,0.006656895519364525
53080900,53081001,11.475663352555898,0.007508131912994399
53004100,53004301,-13.227800449160753,0.011023915763487172
91021800,10237000,126.77725490161828,0.011300939497314607
53013500,53001801,5.12612612057265,0.003586110633936498
53008201,53016801,20.485172094889094,0.010117587891006611
53002100,53001801,98.87801523122796,0.005111853690461509
10237000,91024200,-164.33075773457705,0.011932509788356142
53082800,53082701,-38.07717243326543,0.006154722968990404
53016400,53016501,21.929819166721984,0.0066514546846154505
53014101,53082900,-45.51590980604041,0.003068559428410751
53014103,53083800,-11.408971692588068,0.004058253864902439
10503001,53002701,-39.760187707996124,0.008997551013480667
53009500,53009600,-63.50077724411342,0.009334065005443065
53013700,53013601,0.6970321636759422,0.006791203728331671
92000300,10632802,-109.76165304486517,0.005907738326077354
10632802,51003850,101.23154791141462,0.006232944552921412
53000802,53000900,67.48112390353398,0.00620617416193865
53007201,53020001,77.91582723848789,0.008158569852058966
53000300,53000400,-44.035410443817824,0.006886501103713631
53081300,53081200,12.649898403747898,0.00726318662754251
53081200,53082300,-6.471084927677566,0.007352204696490573
53080700,53080800,5.815832010556335,0.006996998301208007
53008802,53005950,30.06375306791206,0.009091905426868328
53005950,53008702,-2.043928464717027,0.009149862464028099
53085900,53005950,6.852700653909807,0.009285257610457074
53003903,53018700,-23.47658715579942,0.010990607052754751
53080201,53080300,-11.80971520775131,0.00697011647282936
53003402,53003602,-109.32108603254454,0.010617587012545447
53084400,53084300,11.883110496392533,0.006668169438252185
53011601,53011702,-72.7274396264296,0.009308823111324483
53083800,53083900,12.143011138790044,0.005105184673852543
53000600,53000701,-34.277342914883235,0.0065360270913243975
53013401,53013400,4.5631353434714015,0.010208189741439824
10122410,10122400,4.951299956303927,0.011300527272118966
53005301,10632610,3.714819770292621,0.009052277842284195
91024300,91022501,5.363537489709273,0.006744395263710877
53013601,53000100,15.563177005593218,0.006716102443089516
53000100,53018101,47.457120602696904,0.006836731292840157
53000100,53000201,18.529589443594062,0.006759724221060707
10525200,10122410,-45.659914077352056,0.010633037870685974
53001900,53013500,1.0266023116253962,0.0035388363296017435
53019100,53018801,45.91552626061814,0.00935155266042479
53010100,53010200,30.787693797614423,0.00908498618491352
53003700,53003903,134.52167564185535,0.01091042627289805
53085900,10236600,-73.88826422630515,0.009875248515368694
10236600,91022200,253.23414801355068,0.010591891083651033
53082400,53082300,32.94950775327109,0.0075417347710441205
91015100,91024001,-12.29177130810001,0.006977855549229382
53009600,53009900,-121.18195830283945,0.009321152780121574
53007501,53007300,-11.658625883482586,0.006956369541066375
53081900,53081800,1.8263650060734875,0.006087605399834421
53018301,53011401,-128.85155808939902,0.008559877019347614
53000400,53000600,-35.938856501966384,0.006673030017961368
10124502,10124500,97.92594345556435,0.00875002669927826
10124502,10124501,0.048792205965810354,0.008748387292009146
53085600,10124502,35.027842560693244,0.007866312705546793
53081400,53081300,-75.16137617233501,0.0072197608664992105
53012201,51039700,-0.05536723380407693,0.00837837477387629
53011001,53010901,8.388843628744894,0.007843947802902321
53008601,53085900,-55.36312337634705,0.009653459357114471
53081700,53080800,-50.097345025878866,0.007091186576108053
53080800,53080900,-38.838587398268146,0.0072091182247147724
53018301,53010401,41.50637945881468,0.008545770461435922
53016501,53014502,-33.01965349562593,0.0066051199270387205
91024001,53014502,-8.537005922714712,0.0067140737624022725
53082701,53082601,-14.791514738275339,0.006788758629937838
10125802,10125803,5.834908310665142,0.012496341424541058
53016300,53016400,-25.534961214526703,0.006505489917515489
53080300,53080400,19.32129264483109,0.006842424197551513
91010701,51013100,0.8353929911739328,0.014152527348430461
53014103,53014000,-1.7545317380900372,0.004036618774005304
53084400,53084500,-194.6940872391334,0.006608617861078719
53007601,53007700,42.656174856040394,0.009339308196631386
91010900,91010801,179.34981593030184,0.0130739884802513
91014900,91014902,-93.7480853608991,0.009899812750189602
53018801,53005301,-105.7122063738605,0.008891104960298445
53085300,51004150,-56.54068251191529,0.009285256662388598
53011702,53011802,-27.738669323948443,0.009401484516723558
53005301,53005601,37.24780467122554,0.00835025845302587
91024200,10123000,3.720425610625284,0.012532242545599223
53083900,53085100,19.656831226448617,0.005693908312617165
53097302,53002500,15.584222944868202,0.007860747001192669
53018101,53013000,-72.18773350519515,0.007145664963317187
53004301,53004501,-85.43444406893497,0.01097786742746436
53003101,10525200,6.137794787812766,0.01013907557939635
53082900,53083000,-2.306015795087717,0.004641076220961504
53016801,10106901,159.54117269794614,0.01006306936501898
10106901,53008601,-110.00656343537763,0.009909891152908532
10215700,53004600,-22.952932580832794,0.01075586050050451
53019002,53018900,222.83621653694385,0.010074884019676567
10632802,10104601,-47.28666168934535,0.005189473154909656
53018900,53019100,-85.6789532770064,0.009743643625389011
53082500,53082400,1.4469502764801234,0.007581417438909997
53014600,53005601,-4.042799598119302,0.007711004908720285
53080100,53080201,21.57698354755985,0.006922535201721043
53016600,53013801,-70.91984708343341,0.006408118827636604
53011502,53011601,-35.73479312931124,0.009141162143915227
10129210,10129200,9.125479405948198,0.008862082479650901
53085100,53002550,-42.545111008455976,0.005960861578342718
53002550,53084200,-114.46275763551634,0.00623423317458288
53081500,53081400,-7.631834997066505,0.006899181084229862
53002550,91024300,-31.201871685243276,0.006303354210415187
53097302,10129210,14.046553859116386,0.007992234940968925
53004600,53004700,-30.743476043164264,0.010577498977815049
53008702,53009500,33.66464813476668,0.009276901103378936
53013000,53012801,-41.384745342123324,0.007285488680712887
53018700,53004100,37.743423169181966,0.011027936033253674
53001801,53097301,15.632845213571386,0.0050789593606699775
53080400,53080500,-23.89256429466775,0.006529611532776817
53003602,53003700,6.53975279697022,0.010786192286030522
53084500,92000300,-205.66832906797026,0.006362771724932318
53014101,53014103,-0.6278562101751675,0.002612272513370075
53014101,53015401,42.596862771645974,0.003069964051202824
53014103,53082001,6.977012361649344,0.004089181762438624
53007700,53007900,-24.799375089483604,0.00969217132679324
91011000,91010900,12.470292053457548,0.012498688725428031
53011900,53011802,-26.89437633701465,0.009421239054358491
53002500,10503001,0.06467700397814724,0.008475493686579752
53016900,53003101,-24.675818684737806,0.009821110442050474
53085100,53084001,-150.51763020963267,0.006488957646001223
53084001,53085200,-140.42684917022655,0.0075329795938113885
53007300,53007201,-18.568204141811776,0.007599374183049965
53009101,53009000,19.934521364963956,0.008915864185788842
53015401,53015700,-46.34368835609921,0.0046299103177289275
53019100,10105200,-74.65688705295781,0.009937793527484659
53002202,53002100,6.744928487929826,0.0062401822053402955
53083000,53083100,13.04330338963564,0.00560322181550388
53012801,53012600,-28.912043670902392,0.0072655216860109985
53005950,53013401,4.516471029444233,0.009463703878974595
53008000,53008201,-12.140911628503957,0.010075063295098245
53085600,53082500,27.45412551236933,0.0074755011296135645
53014000,53013900,-14.669912831256084,0.005151882809571972
53013900,53016600,-0.8718510117787446,0.005914923547916466
53097301,53007501,0.4574586683845183,0.006143444298443583
91010801,91010701,-257.8662281580773,0.01362466250949464
53082001,53082100,19.569263961368407,0.005240937915441935
53015700,53016001,-21.278451140803924,0.005560855359609877
53000600,53014600,-43.31427633517745,0.006947808858248764
53000600,53011102,-82.90128100181596,0.006854709525426831
53007000,53007201,-12.023233232012757,0.008240819237810946
53007000,53007601,32.95052367172633,0.008862468563086886
53081800,53081500,17.831385923393412,0.006520584637582791
53081500,53081600,-40.40623070855274,0.006876032209511519
53004700,53019002,6.337175756320107,0.010350981926005294
53009000,53008802,43.76175455428326,0.009071708432912527
91022501,91022500,-24.982637362016817,0.006992510901097066
53081100,53081001,-34.061932136153786,0.007562531767536675
53010701,53010601,27.462935339534397,0.00830240584728755
53010601,53018301,51.56972746490072,0.008363243068345811
53018501,53001900,0.42917611145965395,0.00487996677426197
10128310,10128301,0.6772244888665284,0.012530335354523069
10128310,10128300,-30.603197393689044,0.012529947772764281
53012502,53012401,39.94105597581404,0.007296454457750751
53082200,53080500,19.981220066187404,0.0062467875609940994
53080500,53080600,47.74666343153562,0.006556355408041218
10237000,10128310,3.795028355866833,0.011931697883098166
51087800,51091600,21.723668347545242,0.009038062570183962
91022500,91015100,53.724436188202446,0.007068289635198054
53016001,53016300,20.94266312254416,0.0061548133200486944
53013801,53013700,47.55787552302888,0.006691307663903088
53000900,53018501,-62.742332695990456,0.005699156766772768
53011401,53011502,54.5167436683314,0.008894257834431717
53020001,53009101,-111.78564313219921,0.008616764564619407
53002701,53016900,81.67663360146219,0.00944286252071545
51039700,51087800,-16.333233019372358,0.008753644072424708
53006300,53002202,-18.886028606643606,0.0070709324301303075
53002202,53097302,22.484576364530938,0.007129253239333694
53083100,53083200,-163.04219895758126,0.006244292302697449
53010401,91014900,107.96974126414338,0.009130773962524256
53014502,53080100,0.218334311882586,0.006695929481566479
91022200,10125801,-3.628158633345876,0.0112632778346312
53082601,53085600,-71.97906054347544,0.007217574618278096
53012401,53012201,-150.16159553678506,0.007899272432627662
10125801,91011000,-36.28506058267323,0.011896562114405842
53009900,53010100,-45.279408878926574,0.009238627141165016
10125801,10125802,-2.7330623165893684,0.011896035831288957
10125803,10125804,2.3211398055923382,0.013069161981440003
53014000,53082800,17.63549832621642,0.00524190933837552
53082100,53082200,-81.19271832331917,0.005935372318158787
51091600,51038200,-3.6621446989182687,0.00924091451883044
53000701,53000802,33.73066371753674,0.006475371169521503
