       YN    CAR
      G170 GCYM 1508071301 53014101 2878.202    747.0    17.0
      G170 GCYM 1508071308 53014103 2878.822    801.0    26.0
      G170 GCYM 1508071316 53014101 2878.218    747.0    17.0
      G170 GCYM 1508071323 53014103 2878.835    801.0    26.0
      G170 GCYM 1508071409 53014000 2880.632    804.0    24.0
      G170 GCYM 1508071500 53082800 2863.039    806.0    19.0
      G170 GCYM 1508071601 53082701 2901.159    830.0    24.0
      G170 GCYM 1508071644 53082601 2915.983    836.0    28.0
      G170 GCYM 1508071737 53085600 2987.996    873.0    31.0
      G170 GCYM 1508071810 53082500 2960.571    855.0    29.0
      G170 GCYM 1508071932 53082400 2959.192    868.0    26.0
      G170 GCYM 1508072025 53082300 2926.306    851.0    25.0
55555      
      G170 GCYM 1508080749 53082300 2926.869    853.0    22.0
      G170 GCYM 1508080858 53082400 2959.877    871.0    23.0
      G170 GCYM 1508081019 53082500 2961.433    859.0    24.0
      G170 GCYM 1508081115 53085600 2988.961    877.0    28.0
      G170 GCYM 1508081230 10124502 2954.053    848.0    29.0
      G170 GCYM 1508081343 10124500 2856.231    796.0    24.0
      G170 GCYM 1508081438 10124502 2954.217    847.0    30.0
      G170 GCYM 1508081443 10124501 2954.174    847.0    30.0
      G170 GCYM 1508081450 10124502 2954.231    847.0    30.0
      G170 GCYM 1508081552 53085600 2989.312    872.0    32.0
      G170 GCYM 1508081650 53082601 2917.386    835.0    28.0
      G170 GCYM 1508081735 53082701 2902.627    829.0    26.0
      G170 GCYM 1508081823 53082800 2864.588    804.0    24.0
      G170 GCYM 1508081942 53014000 2882.290    802.0    21.0
      G170 GCYM 1508082030 53014103 2880.578    800.0    22.0
55555      
      G170 GCYM 1508090842 53014103 2881.179    799.0    17.0
      G170 GCYM 1508090952 53082001 2874.265    799.0    18.0
      G170 GCYM 1508091100 53081900 2871.482    803.0    25.0
      G170 GCYM 1508091215 53081800 2869.761    810.0    27.0
      G170 GCYM 1508091343 53081500 2852.070    803.0    20.0
      G170 GCYM 1508091408 53081600 2892.511    823.0    26.0
      G170 GCYM 1508091536 53081700 2911.891    827.0    25.0
      G170 GCYM 1508091707 53080800 2962.072    852.0    21.0
      G170 GCYM 1508091848 53081700 2912.052    829.0    21.0
      G170 GCYM 1508092026 53081600 2892.853    825.0    20.0
55555
      G170 GCYM 1508100852 53081600 2893.472    827.0    19.0
      G170 GCYM 1508100921 53081500 2853.090    807.0    18.0
      G170 GCYM 1508101003 53081400 2860.749    815.0    22.0
      G170 GCYM 1508101047 53081300 2935.944    857.0    24.0
      G170 GCYM 1508101157 53081200 2923.386    855.0    25.0
      G170 GCYM 1508101351 53081100 2956.497    871.0    29.0
      G170 GCYM 1508101453 53081001 2990.657    883.0    34.0
      G170 GCYM 1508101550 53081100 2956.681    870.0    32.0
      G170 GCYM 1508101701 53081200 2923.850    853.0    29.0
      G170 GCYM 1508101819 53082300 2930.393    852.0    31.0
55555
      G170 GCYM 1508110852 53082300 2931.082    856.0    22.0
      G170 GCYM 1508111007 53081200 2924.638    857.0    23.0
      G170 GCYM 1508111110 53081300 2937.336    858.0    26.0
      G170 GCYM 1508111153 53081400 2862.231    817.0    24.0
      G170 GCYM 1508111258 53081500 2854.690    807.0    24.0
      G170 GCYM 1508111350 53081800 2872.608    812.0    31.0
      G170 GCYM 1508111523 53081900 2874.605    804.0    24.0
      G170 GCYM 1508111612 53082001 2877.552    799.0    27.0
      G170 GCYM 1508111712 53014103 2884.608    800.0    24.0
55555
      G170 GCYM 1508120903 53082001 2878.417    801.0    21.0
      G170 GCYM 1508121001 53082100 2858.860    794.0    26.0
      G170 GCYM 1508121119 53082200 2940.085    833.0    29.0
      G170 GCYM 1508121316 53080500 2920.247    818.0    27.0
      G170 GCYM 1508121434 53080600 2872.636    803.0    29.0
      G170 GCYM 1508121525 53080700 2971.888    851.0    22.0
      G170 GCYM 1508121605 53080800 2966.144    853.0    30.0
      G170 GCYM 1508121703 53080900 3005.075    876.0    26.0
      G170 GCYM 1508121744 53081001 2993.661    880.0    26.0
55555
      G170 GCYM 1508130921 53081001 2994.442    886.0    29.0
      G170 GCYM 1508131001 53080900 3005.925    881.0    28.0
      G170 GCYM 1508131100 53080800 2967.101    857.0    26.0
      G170 GCYM 1508131138 53080700 2972.936    854.0    30.0
      G170 GCYM 1508131225 53080600 2873.819    804.0    27.0
      G170 GCYM 1508131424 53080500 2921.731    816.0    27.0
      G170 GCYM 1508131531 53082200 2941.838    830.0    33.0
      G170 GCYM 1508131653 53082100 2860.801    789.0    27.0
      G170 GCYM 1508131744 53082001 2880.456    797.0    23.0
55555
      G170 GCYM 1508140911 53014101 2887.653    744.0    17.0
      G170 GCYM 1508140948 53015401 2845.040    781.0    21.0
      G170 GCYM 1508141048 53015700 2891.384    800.0    23.0
      G170 GCYM 1508141214 53016001 2912.688    806.0    26.0
      G170 GCYM 1508141236 53016300 2891.768    794.0    26.0
      G170 GCYM 1508141406 53016400 2917.408    799.0    27.0
      G170 GCYM 1508141505 53016501 2895.580    790.0    32.0
      G170 GCYM 1508141551 53014502 2928.689    805.0    28.0
55555
      G170 GCYM 1508150855 53014502 2929.777    808.0    23.0
      G170 GCYM 1508150916 53080100 2929.563    808.0    23.0
      G170 GCYM 1508151017 53080201 2907.990    808.0    23.0
      G170 GCYM 1508151126 53080300 2919.805    809.0    25.0
      G170 GCYM 1508151238 53080400 2900.508    803.0    23.0
      G170 GCYM 1508151356 53080500 2924.471    815.0    26.0
      G170 GCYM 1508151447 53080400 2900.654    802.0    25.0
      G170 GCYM 1508151538 53080300 2920.066    807.0    29.0
      G170 GCYM 1508151633 53080201 2908.364    805.0    28.0
      G170 GCYM 1508151723 53080100 2930.038    805.0    26.0
      G170 GCYM 1508151742 53014502 2930.293    805.0    26.0
55555
      G170 GCYM 1508160805 53014502 2931.178    806.0    21.0
      G170 GCYM 1508160841 53016501 2898.190    790.0    21.0
      G170 GCYM 1508160924 53016400 2920.132    799.0    21.0
      G170 GCYM 1508161000 53016300 2894.600    793.0    22.0
      G170 GCYM 1508161022 53016001 2915.544    806.0    23.0
      G170 GCYM 1508161150 53015700 2894.275    799.0    27.0
      G170 GCYM 1508161241 53015401 2847.953    780.0    24.0
      G170 GCYM 1508161315 53014101 2890.583    744.0    17.0
55555
      G170 GCYM 1508170853 53014103 2892.550    799.0    18.0
      G170 GCYM 1508171057 53083800 2904.010    799.0    23.0
      G170 GCYM 1508171216 53083900 2891.885    780.0    24.0
      G170 GCYM 1508171400 53085100 2872.281    778.0    24.0
      G170 GCYM 1508171508 53084001 3022.852    859.0    32.0
      G170 GCYM 1508171626 53085200 3163.406    897.0    26.0
      G170 GCYM 1508171735 53085300 3174.693    900.0    25.0
      G170 GCYM 1508171814 51004150 3231.305    925.0    25.0
      G170 GCYM 1508171846 53085300 3174.819    899.0    27.0
55555
      G170 GCYM 1508180817 53085300 3175.634    903.0    22.0
      G170 GCYM 1508181218 53085200 3164.595    911.0    22.0
      G170 GCYM 1508181338 53084001 3024.202    861.0    28.0
      G170 GCYM 1508181518 53085100 2873.774    779.0    22.0
      G170 GCYM 1508181705 53002550 2916.489    784.0    17.0
55555
      G170 GCYM 1508190813 53002550 2917.485    789.0    13.0
      G170 GCYM 1508190952 53085100 2875.050    783.0    13.0
      G170 GCYM 1508191103 53083900 2894.755    784.0    14.0
      G170 GCYM 1508191211 53083800 2906.929    804.0    14.0
      G170 GCYM 1508191341 53014103 2895.557    804.0    16.0
55555
      G170 GCYM 1508211257 53002550 2920.596    789.0    24.0
      G170 GCYM 1508211416 53084200 3035.121    819.0    27.0
      G170 GCYM 1508211600 53084300 3038.988    805.0    27.0
      G170 GCYM 1508211744 53084200 3035.312    817.0    28.0
      G170 GCYM 1508211905 53002550 2920.955    787.0    23.0
55555
      G170 GCYM 1508220850 53002550 2921.740    788.0    17.0
      G170 GCYM 1508221000 91024300 2953.039    791.0    20.0
      G170 GCYM 1508221119 91022501 2947.774    786.0    21.0
      G170 GCYM 1508221301 91022500 2972.858    800.0    28.0
      G170 GCYM 1508221425 91015100 2919.212    786.0    25.0
      G170 GCYM 1508221534 91024001 2931.559    801.0    28.0
      G170 GCYM 1508221623 53014502 2940.141    806.0    25.0
55555
      G170 GCYM 1508230808 53014502 2941.016    807.0    19.0
      G170 GCYM 1508230855 91024001 2932.533    804.0    19.0
      G170 GCYM 1508231005 91015100 2920.340    788.0    17.0
      G170 GCYM 1508231106 91022500 2974.144    800.0    22.0
      G170 GCYM 1508231357 91022501 2949.368    785.0    16.0
      G170 GCYM 1508231513 91024300 2954.815    787.0    21.0
      G170 GCYM 1508231623 53002550 2923.681    784.0    21.0
55555
      G170 GCYM 1508240846 53084400 3054.698    801.0    19.0
      G170 GCYM 1508241027 53084500 3249.499    888.0    25.0
      G170 GCYM 1508241208 92000300 3455.312    955.0    27.0
      G170 GCYM 1508241341 10632802 3565.215    971.0    25.0
      G170 GCYM 1508241635 10104601 3612.716    965.0    28.0
55555
      G170 GCYM 1508250844 10104601 3613.526    969.0    24.0
      G170 GCYM 1508250850 10104600 3613.821    969.0    24.0
      G170 GCYM 1508250857 10104601 3613.537    969.0    24.0
      G170 GCYM 1508251148 10632802 3566.443    975.0    23.0
      G170 GCYM 1508251455 51003850 3465.511    954.0    22.0
      G170 GCYM 1508251703 10632802 3566.904    974.0    25.0
55555
      G170 GCYM 1508260749 10632802 3567.658    977.0    24.0
      G170 GCYM 1508260923 92000300 3457.933    961.0    24.0
      G170 GCYM 1508261107 53084700 3319.568    802.0    27.0
      G170 GCYM 1508261247 92000300 3458.170    961.0    29.0
      G170 GCYM 1508261506 53084500 3252.757    883.0    28.0
      G170 GCYM 1508261639 53084400 3058.211    803.0    19.0
      G170 GCYM 1508261742 53084300 3046.401    804.0    21.0
      G170 GCYM 1508261835 53084400 3058.331    802.0    19.0
55555
      G170 GCYM 1508280917 53014101 2907.604    744.0    17.0
      G170 GCYM 1508281011 53082900 2953.104    822.0    20.0
      G170 GCYM 1508281126 53083000 2955.445    809.0    21.0
      G170 GCYM 1508281242 53083100 2942.482    799.0    19.0
      G170 GCYM 1508281428 53083200 3105.698    882.0    29.0
      G170 GCYM 1508281513 53083300 3153.896    890.0    30.0
      G170 GCYM 1508281600 53012502 3082.670    889.0    27.0
      G170 GCYM 1508281637 53012401 3042.815    810.0    23.0
      G170 GCYM 1508281712 53012201 3193.033    879.0    26.0
      G170 GCYM 1508281735 51039700 3193.128    876.0    26.0
      G170 GCYM 1508281805 51087800 3209.505    884.0    27.0
      G170 GCYM 1508281851 51091600 3187.830    883.0    27.0
55555
      G170 GCYM 1508290846 51091600 3188.580    878.0    19.0
      G170 GCYM 1508290935 51038200 3192.234    890.0    21.0
      G170 GCYM 1508291033 53011900 3157.937    873.0    20.0
      G170 GCYM 1508291122 53011802 3184.833    884.0    19.0
      G170 GCYM 1508291218 53011900 3157.960    873.0    19.0
      G170 GCYM 1508291251 51038200 3192.291    891.0    21.0
      G170 GCYM 1508291335 51091600 3188.684    879.0    21.0
      G170 GCYM 1508291440 51087800 3210.520    890.0    24.0
      G170 GCYM 1508291528 51039700 3194.285    880.0    22.0
      G170 GCYM 1508291552 53012201 3194.281    883.0    23.0
      G170 GCYM 1508291628 53012401 3044.205    813.0    16.0
      G170 GCYM 1508291705 53012502 3084.205    842.0    17.0
      G170 GCYM 1508291751 53083300 3155.626    893.0    22.0
      G170 GCYM 1508291837 53083200 3107.596    884.0    20.0
55555
      G170 GCYM 1508300754 53083200 3108.394    887.0    22.0
      G170 GCYM 1508300924 53083100 2945.375    801.0    17.0
      G170 GCYM 1508301033 53083000 2958.410    810.0    21.0
      G170 GCYM 1508301146 53082900 2956.093    823.0    25.0
      G170 GCYM 1508301243 53014101 2910.620    744.0    17.0
55555
      G170 GCYM 1509010908 53014000 2915.933    806.0    15.0
      G170 GCYM 1509010951 53013900 2930.627    814.0    16.0
      G170 GCYM 1509011036 53016600 2931.509    809.0    16.0
      G170 GCYM 1509011152 53013801 3002.437    841.0    17.0
      G170 GCYM 1509011252 53013700 2954.890    815.0    17.0
      G170 GCYM 1509011341 53013601 2954.215    819.0    17.0
      G170 GCYM 1509011557 53000100 2938.791    810.0    18.0
      G170 GCYM 1509011628 53018101 2891.388    785.0    17.0
      G170 GCYM 1509011737 53013000 2963.701    809.0    17.0
      G170 GCYM 1509011812 53012801 3005.154    823.0    17.0
      G170 GCYM 1509011848 53012600 3034.135    825.0    16.0
      G170 GCYM 1509011912 53012502 3088.724    841.0    18.0
55555
      G170 GCYM 1509020815 53012502 3089.517    842.0    18.0
      G170 GCYM 1509020843 53012600 3035.018    827.0    18.0
      G170 GCYM 1509020922 53012801 3006.153    825.0    16.0
      G170 GCYM 1509020958 53013000 2964.801    811.0    17.0
      G170 GCYM 1509021055 53018101 2892.654    788.0    18.0
      G170 GCYM 1509021125 53000100 2940.126    806.0    18.0
      G170 GCYM 1509021208 53013601 2955.698    820.0    20.0
      G170 GCYM 1509021336 53013700 2956.425    815.0    21.0
      G170 GCYM 1509021433 53013801 3004.004    840.0    23.0
      G170 GCYM 1509021530 53016600 2933.140    809.0    22.0
      G170 GCYM 1509021608 53013900 2932.314    812.0    23.0
      G170 GCYM 1509021637 53014000 2917.688    804.0    22.0
55555
      G170 GCYM 1509040838 53000100 2942.814    813.0    16.0
      G170 GCYM 1509040908 53000201 2924.333    806.0    17.0
      G170 GCYM 1509040942 53000300 2842.570    767.0    17.0
      G170 GCYM 1509041033 53000400 2886.674    777.0    22.0
      G170 GCYM 1509041200 53000600 2922.713    799.0    25.0
      G170 GCYM 1509041226 53014600 2966.044    835.0    22.0
      G170 GCYM 1509041333 53005601 2970.143    831.0    27.0
      G170 GCYM 1509041407 53014600 2966.123    835.0    22.0
      G170 GCYM 1509041436 53000600 2922.842    799.0    27.0
      G170 GCYM 1509041553 53000400 2886.963    784.0    27.0
      G170 GCYM 1509041644 53000300 2842.972    764.0    29.0
      G170 GCYM 1509041717 53000201 2924.815    800.0    28.0
      G170 GCYM 1509041746 53000100 2943.378    808.0    28.0
55555
      G170 GCYM 1509050828 53000600 2923.853    798.0    20.0
      G170 GCYM 1509050913 53011102 3006.814    831.0    26.0
      G170 GCYM 1509050942 53011001 3057.887    847.0    26.0
      G170 GCYM 1509051021 53010901 3049.552    846.0    27.0
      G170 GCYM 1509051115 53010701 3063.675    862.0    28.0
      G170 GCYM 1509051147 53010601 3036.255    839.0    27.0
      G170 GCYM 1509051219 53018301 2984.735    806.0    24.0
      G170 GCYM 1509051338 53011401 3113.668    851.0    28.0
      G170 GCYM 1509051416 53011502 3059.194    827.0    24.0
      G170 GCYM 1509051501 53011601 3094.968    836.0    23.0
      G170 GCYM 1509051533 53011702 3167.725    867.0    27.0
      G170 GCYM 1509051550 53011802 3195.478    877.0    29.0
      G170 GCYM 1509051608 53011702 3167.751    867.0    27.0
      G170 GCYM 1509051633 53011601 3095.049    835.0    24.0
      G170 GCYM 1509051723 53011502 3059.357    825.0    23.0
      G170 GCYM 1509051755 53011401 3113.903    850.0    22.0
      G170 GCYM 1509051837 53018301 2985.096    803.0    21.0
      G170 GCYM 1509051910 53010401 2943.628    781.0    22.0
55555
      G170 GCYM 1509060808 53010401 2944.322    835.0    15.0
      G170 GCYM 1509061043 91014900 2836.571    735.0    15.0
      G170 GCYM 1509061138 91014902 2930.395    775.0    18.0
      G170 GCYM 1509061240 91014900 2836.739    734.0    19.0
      G170 GCYM 1509061535 53010401 2944.914    782.0    21.0
      G170 GCYM 1509061603 53018301 2986.450    805.0    21.0
      G170 GCYM 1509061633 53010601 3038.039    837.0    23.0
      G170 GCYM 1509061705 53010701 3065.529    852.0    25.0
      G170 GCYM 1509061744 53010901 3051.521    844.0    24.0
      G170 GCYM 1509061821 53011001 3059.937    845.0    24.0
      G170 GCYM 1509061851 53011102 3008.934    830.0    20.0
      G170 GCYM 1509061932 53000600 2926.073    797.0    18.0
55555
      G170 GCYM 1509070909 53000600 2926.797    799.0    17.0
      G170 GCYM 1509070938 53000701 2961.104    820.0    18.0
      G170 GCYM 1509070958 53000802 2927.397    807.0    18.0
      G170 GCYM 1509071023 53000900 2859.953    774.0    18.0
      G170 GCYM 1509071106 53018501 2922.755    800.0    19.0
      G170 GCYM 1509071124 53001900 2922.349    801.0    20.0
      G170 GCYM 1509071139 53013500 2921.346    801.0    19.0
      G170 GCYM 1509071225 53001801 2916.287    799.0    24.0
      G170 GCYM 1509071332 53097301 2900.760    793.0    18.0
      G170 GCYM 1509071352 53007501 2900.335    793.0    20.0
      G170 GCYM 1509071430 53007300 2912.050    798.0    17.0
      G170 GCYM 1509071500 53007201 2930.663    797.0    22.0
55555
      G170 GCYM 1509080908 53007201 2931.639    797.0    20.0
      G170 GCYM 1509080940 53007300 2913.095    797.0    21.0
      G170 GCYM 1509081010 53007501 2901.460    793.0    24.0
      G170 GCYM 1509081032 53097301 2901.937    791.0    24.0
      G170 GCYM 1509081100 53001801 2917.602    797.0    24.0
      G170 GCYM 1509081130 53013500 2922.772    799.0    19.0
      G170 GCYM 1509081140 53001900 2923.813    799.0    24.0
      G170 GCYM 1509081243 53018501 2924.336    797.0    27.0
      G170 GCYM 1509081330 53000900 2861.677    771.0    22.0
      G170 GCYM 1509081355 53000802 2929.195    803.0    25.0
      G170 GCYM 1509081422 53000701 2962.973    815.0    29.0
      G170 GCYM 1509081451 53000600 2928.745    794.0    28.0
55555
      G170 GCYM 1509090830 53007000 2921.101    791.0    19.0
      G170 GCYM 1509090900 53007201 2933.130    799.0    21.0
      G170 GCYM 1509090941 53020001 2855.245    749.0    17.0
      G170 GCYM 1509091025 53009101 2967.053    796.0    21.0
      G170 GCYM 1509091052 53009000 2947.143    788.0    23.0
      G170 GCYM 1509091133 53008802 2903.425    776.0    22.0
      G170 GCYM 1509091228 53005950 2873.441    761.0    24.0
      G170 GCYM 1509091238 53008702 2875.494    761.0    24.0
      G170 GCYM 1509091355 53009500 2841.964    734.0    16.0
      G170 GCYM 1509091417 53009600 2905.504    765.0    17.0
      G170 GCYM 1509091447 53009900 3026.731    822.0    20.0
      G170 GCYM 1509091534 53010100 3072.094    839.0    21.0
      G170 GCYM 1509091614 53010200 3041.369    832.0    22.0
      G170 GCYM 1509091644 53010401 2949.440    783.0    19.0
55555
      G170 GCYM 1509100846 53010401 2950.315    787.0    17.0
      G170 GCYM 1509100916 53010200 3042.302    836.0    19.0
      G170 GCYM 1509100946 53010100 3073.100    844.0    19.0
      G170 GCYM 1509101038 53009900 3027.850    827.0    21.0
      G170 GCYM 1509101116 53009600 2906.699    769.0    16.0
      G170 GCYM 1509101139 53009500 2843.222    739.0    15.0
      G170 GCYM 1509101219 53008702 2876.927    765.0    20.0
      G170 GCYM 1509101308 53005950 2874.946    764.0    20.0
      G170 GCYM 1509101351 53008802 2905.082    777.0    19.0
      G170 GCYM 1509101434 53009000 2948.926    789.0    22.0
      G170 GCYM 1509101455 53009101 2968.901    797.0    19.0
      G170 GCYM 1509101540 53020001 2857.205    751.0    20.0
      G170 GCYM 1509101610 53007201 2935.167    799.0    23.0
      G170 GCYM 1509101639 53007000 2923.191    791.0    20.0
55555
      G170 GCYM 1509110915 53007000 2924.131    795.0    19.0
      G170 GCYM 1509110942 53007601 2891.181    790.0    21.0
      G170 GCYM 1509111015 53007700 2848.539    762.0    20.0
      G170 GCYM 1509111056 53007900 2873.353    769.0    22.0
      G170 GCYM 1509111108 53008000 2885.669    777.0    24.0
      G170 GCYM 1509111156 53008201 2897.836    779.0    25.0
      G170 GCYM 1509111313 53016801 2877.450    761.0    22.0
      G170 GCYM 1509111411 10106901 2718.013    691.0    18.0
      G170 GCYM 1509111436 53008601 2828.069    729.0    21.0
      G170 GCYM 1509111455 53085900 2883.464    749.0    22.0
      G170 GCYM 1509111527 53005950 2876.670    759.0    26.0
      G170 GCYM 1509111557 53013401 2872.215    756.0    25.0
      G170 GCYM 1509111610 53013400 2867.672    756.0    20.0
      G170 GCYM 1509111619 53013401 2872.259    757.0    25.0
      G170 GCYM 1509111650 53005950 2876.824    760.0    20.0
55555
      G170 GCYM 1509120858 53005950 2877.792    764.0    17.0
      G170 GCYM 1509120931 53085900 2884.652    753.0    18.0
      G170 GCYM 1509120944 53008601 2829.292    732.0    18.0
      G170 GCYM 1509121008 10106901 2719.292    691.0    13.0
      G170 GCYM 1509121102 53016801 2878.842    762.0    19.0
      G170 GCYM 1509121214 53008201 2899.374    778.0    23.0
      G170 GCYM 1509121243 53008000 2887.246    777.0    25.0
      G170 GCYM 1509121253 53007900 2874.950    769.0    21.0
      G170 GCYM 1509121401 53007700 2850.241    759.0    17.0
      G170 GCYM 1509121428 53007601 2892.936    789.0    21.0
      G170 GCYM 1509121453 53007000 2925.931    793.0    16.0
55555
      G170 GCYM 1509130801 53085900 2886.145    754.0    11.0
      G170 GCYM 1509130916 10236600 2960.059    808.0    15.0
      G170 GCYM 1509131055 91022200 2706.857    691.0    10.0
      G170 GCYM 1509131144 10125801 2710.507    686.0    17.0
      G170 GCYM 1509131308 91011000 2746.849    699.0    18.0
      G170 GCYM 1509131600 91010900 2734.631    693.0    18.0
      G170 GCYM 1509131803 91010801 2555.523    613.0    14.0
      G170 GCYM 1509132032 91010701 2813.542    719.0    12.0
55555
      G170 GCYM 1509140911 91010701 2814.306    721.0    14.0
      G170 GCYM 1509140948 51013100 2813.482    722.0    15.0
      G170 GCYM 1509141015 91010701 2814.324    720.0    17.0
      G170 GCYM 1509141232 91010801 2556.512    615.0    11.0
      G170 GCYM 1509141455 91010900 2736.010    692.0    18.0
      G170 GCYM 1509141832 91011000 2748.851    694.0    15.0
      G170 GCYM 1509141939 10125801 2712.656    681.0    14.0
55555
      G170 GCYM 1509150941 10125801 2713.486    685.0    13.0
      G170 GCYM 1509151014 10125802 2716.226    685.0    14.0
      G170 GCYM 1509151040 10125803 2710.409    685.0    15.0
      G170 GCYM 1509151048 10125804 2708.090    685.0    15.0
      G170 GCYM 1509151057 10125803 2710.415    685.0    15.0
      G170 GCYM 1509151117 10125802 2716.260    685.0    16.0
      G170 GCYM 1509151133 10125801 2713.524    685.0    18.0
      G170 GCYM 1509151222 91022200 2709.914    688.0    17.0
      G170 GCYM 1509151424 10236600 2963.230    801.0    26.0
      G170 GCYM 1509151544 53085900 2889.467    747.0    25.0
55555
      G170 GCYM 1509180748 53006300 3019.141    845.0    18.0
      G170 GCYM 1509180831 53002202 3038.086    862.0    18.0
      G170 GCYM 1509180852 53002100 3031.368    857.0    21.0
      G170 GCYM 1509180925 53001801 2932.539    802.0    21.0
      G170 GCYM 1509181000 53002100 3031.448    858.0    23.0
      G170 GCYM 1509181013 53002202 3038.204    861.0    23.0
      G170 GCYM 1509181039 53006300 3019.353    846.0    24.0
      G170 GCYM 1509181110 53002202 3038.260    861.0    22.0
      G170 GCYM 1509181206 53097302 3015.816    841.0    23.0
      G170 GCYM 1509181422 10129210 3001.859    833.0    27.0
      G170 GCYM 1509181441 10129200 2992.750    833.0    27.0
      G170 GCYM 1509181457 10129210 3001.892    833.0    29.0
      G170 GCYM 1509181630 53097302 3016.040    837.0    23.0
      G170 GCYM 1509181644 53002500 3000.473    830.0    21.0
      G170 GCYM 1509181737 10503001 3000.488    827.0    23.0
55555
      G170 GCYM 1509190813 10503001 3001.403    829.0    18.0
      G170 GCYM 1509190909 53002701 3041.245    851.0    21.0
      G170 GCYM 1509191003 53016900 2959.631    815.0    19.0
      G170 GCYM 1509191036 53003101 2984.344    833.0    20.0
      G170 GCYM 1509191109 53016900 2959.707    815.0    19.0
      G170 GCYM 1509191311 53002701 3041.469    851.0    23.0
      G170 GCYM 1509191401 10503001 3001.751    828.0    24.0
      G170 GCYM 1509191456 53002500 3001.862    829.0    22.0
      G170 GCYM 1509191509 53097302 3017.459    836.0    22.0
      G170 GCYM 1509191603 53002202 3039.992    855.0    22.0
55555
      G170 GCYM 1509200746 53003101 2985.573    831.0    17.0
      G170 GCYM 1509200821 10525200 2979.485    831.0    17.0
      G170 GCYM 1509200858 53003402 3014.382    836.0    19.0
      G170 GCYM 1509200932 53003602 3123.740    903.0    21.0
      G170 GCYM 1509200958 53003700 3117.240    897.0    23.0
      G170 GCYM 1509201043 53003903 2982.787    833.0    18.0
      G170 GCYM 1509201113 53018700 3006.297    845.0    20.0
      G170 GCYM 1509201153 53004100 2968.604    827.0    19.0
      G170 GCYM 1509201246 53004301 2981.890    840.0    19.0
      G170 GCYM 1509201414 53004501 3067.400    889.0    26.0
      G170 GCYM 1509201426 10215700 3061.185    886.0    26.0
      G170 GCYM 1509201509 53004600 3084.165    895.0    26.0
      G170 GCYM 1509201616 53004700 3114.967    904.0    25.0
      G170 GCYM 1509201646 53019002 3108.656    904.0    25.0
      G170 GCYM 1509201735 53018900 2885.890    786.0    17.0
      G170 GCYM 1509201850 53019100 2971.655    824.0    18.0
      G170 GCYM 1509201921 53018801 2925.782    799.0    19.0
      G170 GCYM 1509202010 53005301 3031.551    857.0    20.0
55555
      G170 GCYM 1509210805 53005301 3032.202    857.0    22.0
      G170 GCYM 1509210839 53005601 2995.005    830.0    19.0
      G170 GCYM 1509210843 53005601 2995.013    830.0    19.0
      G170 GCYM 1509210919 53005301 3032.309    858.0    24.0
66666
      G170 GCYM 1509211016 53005301 3032.387    858.0    24.0
      G170 GCYM 1509211038 10632610 3028.701    856.0    26.0
      G170 GCYM 1509211050 53005301 3032.437    857.0    26.0
      G170 GCYM 1509211134 53018801 2926.791    799.0    20.0
      G170 GCYM 1509211208 53019100 2972.753    825.0    19.0
      G170 GCYM 1509211451 10105200 3047.584    867.0    28.0
      G170 GCYM 1509211641 53019100 2973.026    821.0    22.0
      G170 GCYM 1509211723 53018900 2887.394    783.0    17.0
      G170 GCYM 1509211810 53019002 3110.258    900.0    25.0
      G170 GCYM 1509211833 53004700 3116.622    901.0    25.0
      G170 GCYM 1509211914 53004600 3085.911    891.0    23.0
      G170 GCYM 1509212003 10215700 3063.013    881.0    24.0
55555
      G170 GCYM 1509220817 10215700 3063.686    884.0    22.0
      G170 GCYM 1509220826 53004501 3069.925    887.0    25.0
      G170 GCYM 1509220936 53004301 2984.576    837.0    22.0
      G170 GCYM 1509221039 53004100 2971.438    824.0    20.0
      G170 GCYM 1509221110 53018700 3009.226    841.0    22.0
      G170 GCYM 1509221144 53003903 2985.806    829.0    24.0
      G170 GCYM 1509221233 53003700 3120.393    892.0    26.0
      G170 GCYM 1509221331 53003602 3127.022    896.0    30.0
      G170 GCYM 1509221403 53003402 3017.755    831.0    24.0
      G170 GCYM 1509221441 10525200 2982.960    826.0    27.0
66666
      G170 GCYM 1509221444 10525200 2982.966    826.0    27.0
      G170 GCYM 1509221558 10122410 3028.706    844.0    28.0
      G170 GCYM 1509221630 10122400 3023.784    842.0    30.0
      G170 GCYM 1509221653 10122410 3028.756    842.0    28.0
      G170 GCYM 1509221757 10525200 2983.151    825.0    25.0
      G170 GCYM 1509221821 53003101 2989.309    826.0    25.0
55555
      G170 GCYM 1509230830 10525200 2983.937    828.0    20.0
      G170 GCYM 1509230940 91021800 3146.015    899.0    24.0
      G170 GCYM 1509231110 10237000 3019.363    838.0    24.0
      G170 GCYM 1509231258 10128310 3015.744    832.0    23.0
      G170 GCYM 1509231315 10128301 3015.097    832.0    23.0
      G170 GCYM 1509231322 10128310 3015.785    832.0    23.0
      G170 GCYM 1509231448 10128300 3046.520    851.0    25.0
      G170 GCYM 1509231530 10128310 3015.977    831.0    21.0
      G170 GCYM 1509231728 10237000 3019.903    835.0    20.0
      G170 GCYM 1509231905 91024200 3184.295    911.0    25.0
      G170 GCYM 1509232037 10123000 3180.629    920.0    24.0
55555
      G170 GCYM 1509241055 10123000 3181.412    922.0    28.0
      G170 GCYM 1509241222 91024200 3185.260    913.0    27.0
      G170 GCYM 1509241416 10237000 3021.144    836.0    27.0
      G170 GCYM 1509241546 91021800 3148.074    895.0    29.0
      G170 GCYM 1509241657 10525200 2986.153    824.0    24.0
55555
99999