       YN    CAR
      G169 GCYM 1508071301 53014101 2781.859    747.0    17.0
      G169 GCYM 1508071308 53014103 2782.478    801.0    26.0
      G169 GCYM 1508071316 53014101 2781.875    747.0    17.0
      G169 GCYM 1508071323 53014103 2782.494    801.0    26.0
      G169 GCYM 1508071409 53014000 2784.288    804.0    24.0
      G169 GCYM 1508071500 53082800 2766.691    806.0    19.0
      G169 GCYM 1508071601 53082701 2804.802    830.0    24.0
      G169 GCYM 1508071644 53082601 2819.620    836.0    28.0
      G169 GCYM 1508071737 53085600 2891.629    873.0    31.0
      G169 GCYM 1508071810 53082500 2864.204    855.0    29.0
      G169 GCYM 1508071930 53082400 2862.844    868.0    26.0
      G169 GCYM 1508072025 53082300 2829.952    851.0    25.0
55555
      G169 GCYM 1508080748 53082300 2830.534    853.0    22.0
      G169 GCYM 1508080858 53082400 2863.557    871.0    23.0
      G169 GCYM 1508081019 53082500 2865.104    859.0    24.0
      G169 GCYM 1508081115 53085600 2892.637    877.0    28.0
      G169 GCYM 1508081225 10124502 2857.707    848.0    29.0
      G169 GCYM 1508081343 10124500 2759.910    796.0    24.0
      G169 GCYM 1508081432 10124502 2857.891    847.0    30.0
      G169 GCYM 1508081443 10124501 2857.851    847.0    30.0
      G169 GCYM 1508081448 10124502 2857.901    847.0    30.0
      G169 GCYM 1508081552 53085600 2892.991    872.0    32.0
      G169 GCYM 1508081650 53082601 2821.060    835.0    28.0
      G169 GCYM 1508081735 53082701 2806.307    829.0    26.0
      G169 GCYM 1508081823 53082800 2768.271    804.0    24.0
      G169 GCYM 1508081942 53014000 2785.972    802.0    21.0
      G169 GCYM 1508082030 53014103 2784.263    800.0    22.0
55555
      G169 GCYM 1508090842 53014103 2784.891    799.0    17.0
      G169 GCYM 1508090952 53082001 2777.965    799.0    18.0
      G169 GCYM 1508091100 53081900 2775.179    803.0    25.0
      G169 GCYM 1508091215 53081800 2773.466    810.0    27.0
      G169 GCYM 1508091343 53081500 2755.771    803.0    20.0
      G169 GCYM 1508091408 53081600 2796.225    823.0    26.0
      G169 GCYM 1508091536 53081700 2815.606    827.0    25.0
      G169 GCYM 1508091707 53080800 2865.801    852.0    21.0
      G169 GCYM 1508091848 53081700 2815.781    829.0    21.0
      G169 GCYM 1508092026 53081600 2796.596    825.0    20.0
55555
      G169 GCYM 1508100852 53081600 2797.207    827.0    19.0
      G169 GCYM 1508100921 53081500 2756.823    807.0    18.0
      G169 GCYM 1508101003 53081400 2764.478    815.0    22.0
      G169 GCYM 1508101047 53081300 2839.677    857.0    24.0
      G169 GCYM 1508101157 53081200 2827.118    855.0    25.0
      G169 GCYM 1508101351 53081100 2860.223    871.0    29.0
      G169 GCYM 1508101453 53081001 2894.391    883.0    34.0
      G169 GCYM 1508101550 53081100 2860.411    870.0    32.0
      G169 GCYM 1508101701 53081200 2827.584    853.0    29.0
      G169 GCYM 1508101819 53082300 2834.127    852.0    31.0
55555
      G169 GCYM 1508110852 53082300 2834.853    856.0    22.0
      G169 GCYM 1508111007 53081200 2828.404    857.0    23.0
      G169 GCYM 1508111110 53081300 2841.106    858.0    26.0
      G169 GCYM 1508111153 53081400 2765.991    817.0    24.0
      G169 GCYM 1508111258 53081500 2758.458    807.0    24.0
      G169 GCYM 1508111350 53081800 2776.385    812.0    31.0
      G169 GCYM 1508111523 53081900 2778.383    804.0    24.0
      G169 GCYM 1508111612 53082001 2781.328    799.0    27.0
      G169 GCYM 1508111710 53014103 2788.393    800.0    24.0
55555
      G169 GCYM 1508120902 53082001 2782.301    801.0    21.0
      G169 GCYM 1508121000 53082100 2762.740    794.0    26.0
      G169 GCYM 1508121116 53082200 2843.960    833.0    29.0
      G169 GCYM 1508121314 53080500 2824.116    818.0    27.0
      G169 GCYM 1508121433 53080600 2776.511    803.0    29.0
      G169 GCYM 1508121525 53080700 2875.768    851.0    22.0
      G169 GCYM 1508121605 53080800 2870.028    853.0    30.0
      G169 GCYM 1508121701 53080900 2908.963    876.0    26.0
      G169 GCYM 1508121742 53081001 2897.539    880.0    26.0
55555
      G169 GCYM 1508130922 53081001 2898.331    886.0    29.0
      G169 GCYM 1508131000 53080900 2909.811    881.0    28.0
      G169 GCYM 1508131100 53080800 2870.997    857.0    26.0
      G169 GCYM 1508131136 53080700 2876.830    854.0    30.0
      G169 GCYM 1508131225 53080600 2777.708    804.0    27.0
      G169 GCYM 1508131423 53080500 2825.629    816.0    27.0
      G169 GCYM 1508131524 53082200 2845.719    830.0    33.0
      G169 GCYM 1508131651 53082100 2764.705    789.0    27.0
      G169 GCYM 1508131744 53082001 2784.361    797.0    23.0
55555
      G169 GCYM 1508140911 53014101 2791.574    744.0    17.0
      G169 GCYM 1508140947 53015401 2748.965    781.0    21.0
      G169 GCYM 1508141043 53015700 2795.312    800.0    23.0
      G169 GCYM 1508141214 53016001 2816.628    806.0    26.0
      G169 GCYM 1508141236 53016300 2795.698    794.0    26.0
      G169 GCYM 1508141406 53016400 2821.336    799.0    27.0
      G169 GCYM 1508141503 53016501 2799.499    790.0    32.0
      G169 GCYM 1508141551 53014502 2832.619    805.0    28.0
55555
      G169 GCYM 1508150853 53014502 2833.735    808.0    23.0
      G169 GCYM 1508150915 53080100 2833.520    808.0    23.0
      G169 GCYM 1508151016 53080201 2811.938    808.0    23.0
      G169 GCYM 1508151126 53080300 2823.764    809.0    25.0
      G169 GCYM 1508151236 53080400 2804.475    803.0    23.0
      G169 GCYM 1508151355 53080500 2828.437    815.0    26.0
      G169 GCYM 1508151446 53080400 2804.618    802.0    25.0
      G169 GCYM 1508151536 53080300 2824.025    807.0    29.0
      G169 GCYM 1508151633 53080201 2812.331    805.0    28.0
      G169 GCYM 1508151723 53080100 2834.006    805.0    26.0
      G169 GCYM 1508151742 53014502 2834.257    805.0    26.0
55555
      G169 GCYM 1508160805 53014502 2835.169    806.0    21.0
      G169 GCYM 1508160841 53016501 2802.176    790.0    21.0
      G169 GCYM 1508160924 53016400 2824.125    799.0    21.0
      G169 GCYM 1508161000 53016300 2798.599    793.0    22.0
      G169 GCYM 1508161022 53016001 2819.545    806.0    23.0
      G169 GCYM 1508161144 53015700 2798.277    799.0    27.0
      G169 GCYM 1508161240 53015401 2751.953    780.0    24.0
      G169 GCYM 1508161314 53014101 2794.584    744.0    17.0
55555
      G169 GCYM 1508170853 53014103 2796.586    799.0    18.0
      G169 GCYM 1508171056 53083800 2808.038    799.0    23.0
      G169 GCYM 1508171216 53083900 2795.924    780.0    24.0
      G169 GCYM 1508171400 53085100 2776.327    778.0    24.0
      G169 GCYM 1508171502 53084001 2926.891    859.0    32.0
      G169 GCYM 1508171619 53085200 3067.433    897.0    26.0
      G169 GCYM 1508171730 53085300 3078.729    900.0    25.0
      G169 GCYM 1508171810 51004150 3135.332    925.0    25.0
      G169 GCYM 1508171842 53085300 3078.859    899.0    27.0
55555
      G169 GCYM 1508180813 53085300 3079.689    903.0    22.0
      G169 GCYM 1508181213 53085200 3068.669    911.0    22.0
      G169 GCYM 1508181333 53084001 2928.298    861.0    28.0
      G169 GCYM 1508181517 53085100 2777.876    779.0    22.0
      G169 GCYM 1508181705 53002550 2820.580    784.0    17.0
55555
      G169 GCYM 1508190813 53002550 2821.597    789.0    13.0
      G169 GCYM 1508190952 53085100 2779.164    783.0    13.0
      G169 GCYM 1508191103 53083900 2798.875    784.0    14.0
      G169 GCYM 1508191211 53083800 2811.042    804.0    14.0
      G169 GCYM 1508191340 53014103 2799.680    804.0    16.0
55555
      G169 GCYM 1508211257 53002550 2824.792    789.0    24.0
      G169 GCYM 1508211415 53084200 2939.304    819.0    27.0
      G169 GCYM 1508211558 53084300 2943.178    805.0    27.0
      G169 GCYM 1508211742 53084200 2939.519    817.0    28.0
      G169 GCYM 1508211905 53002550 2825.158    787.0    23.0
55555
      G169 GCYM 1508220849 53002550 2825.959    788.0    17.0
      G169 GCYM 1508221000 91024300 2857.256    791.0    20.0
      G169 GCYM 1508221118 91022501 2852.009    786.0    21.0
      G169 GCYM 1508221300 91022500 2877.099    800.0    28.0
      G169 GCYM 1508221425 91015100 2823.442    786.0    25.0
      G169 GCYM 1508221533 91024001 2835.791    801.0    28.0
      G169 GCYM 1508221623 53014502 2844.371    806.0    25.0
55555
      G169 GCYM 1508230808 53014502 2845.266    807.0    19.0
      G169 GCYM 1508230853 91024001 2836.792    804.0    19.0
      G169 GCYM 1508231003 91015100 2824.588    788.0    17.0
      G169 GCYM 1508231105 91022500 2878.397    800.0    22.0
      G169 GCYM 1508231352 91022501 2853.638    785.0    16.0
      G169 GCYM 1508231511 91024300 2859.093    787.0    21.0
      G169 GCYM 1508231623 53002550 2827.953    784.0    21.0
55555
      G169 GCYM 1508240846 53084400 2958.970    801.0    19.0
      G169 GCYM 1508241026 53084500 3153.769    888.0    25.0
      G169 GCYM 1508241208 92000300 3359.580    955.0    27.0
      G169 GCYM 1508241341 10632802 3469.479    971.0    25.0
      G169 GCYM 1508241635 10104601 3516.983    965.0    28.0
55555
      G169 GCYM 1508250843 10104601 3517.782    969.0    24.0
      G169 GCYM 1508250850 10104600 3518.068    969.0    24.0
      G169 GCYM 1508250857 10104601 3517.789    969.0    24.0
      G169 GCYM 1508251147 10632802 3470.712    975.0    23.0
      G169 GCYM 1508251455 51003850 3369.781    954.0    22.0
      G169 GCYM 1508251703 10632802 3471.179    974.0    25.0
55555
      G169 GCYM 1508260749 10632802 3471.945    977.0    24.0
      G169 GCYM 1508260923 92000300 3362.221    961.0    24.0
      G169 GCYM 1508261108 53084700 3223.875    802.0    27.0
      G169 GCYM 1508261246 92000300 3362.488    961.0    29.0
      G169 GCYM 1508261506 53084500 3157.086    883.0    28.0
      G169 GCYM 1508261637 53084400 2962.545    803.0    19.0
      G169 GCYM 1508261742 53084300 2950.738    804.0    21.0
      G169 GCYM 1508261835 53084400 2962.671    802.0    19.0
55555
      G169 GCYM 1508280916 53014101 2811.995    744.0    17.0
      G169 GCYM 1508281011 53082900 2857.502    822.0    20.0
      G169 GCYM 1508281125 53083000 2859.846    809.0    21.0
      G169 GCYM 1508281242 53083100 2846.880    799.0    19.0
      G169 GCYM 1508281431 53083200 3010.081    882.0    29.0
      G169 GCYM 1508281511 53083300 3058.270    890.0    30.0
      G169 GCYM 1508281600 53012502 2987.052    889.0    27.0
      G169 GCYM 1508281637 53012401 2947.194    810.0    23.0
      G169 GCYM 1508281710 53012201 3097.411    879.0    26.0
      G169 GCYM 1508281735 51039700 3097.511    876.0    26.0
      G169 GCYM 1508281805 51087800 3113.886    884.0    27.0
      G169 GCYM 1508281851 51091600 3092.216    883.0    27.0
55555
      G169 GCYM 1508290846 51091600 3092.973    878.0    19.0
      G169 GCYM 1508290933 51038200 3096.633    890.0    21.0
      G169 GCYM 1508291031 53011900 3062.350    873.0    20.0
      G169 GCYM 1508291121 53011802 3089.246    884.0    19.0
      G169 GCYM 1508291213 53011900 3062.380    873.0    19.0
      G169 GCYM 1508291251 51038200 3096.708    891.0    21.0
      G169 GCYM 1508291335 51091600 3093.111    879.0    21.0
      G169 GCYM 1508291440 51087800 3114.931    890.0    24.0
      G169 GCYM 1508291528 51039700 3098.700    880.0    22.0
      G169 GCYM 1508291551 53012201 3098.695    883.0    23.0
      G169 GCYM 1508291628 53012401 2948.631    813.0    16.0
      G169 GCYM 1508291705 53012502 2988.636    842.0    17.0
      G169 GCYM 1508291751 53083300 3060.037    893.0    22.0
      G169 GCYM 1508291835 53083200 3012.013    884.0    20.0
55555
      G169 GCYM 1508300754 53083200 3012.823    887.0    22.0
      G169 GCYM 1508300924 53083100 2849.820    801.0    17.0
      G169 GCYM 1508301034 53083000 2862.846    810.0    21.0
      G169 GCYM 1508301144 53082900 2860.546    823.0    25.0
      G169 GCYM 1508301242 53014101 2815.072    744.0    17.0
55555
      G169 GCYM 1509010908 53014000 2820.455    806.0    15.0
      G169 GCYM 1509010950 53013900 2835.149    814.0    16.0
      G169 GCYM 1509011033 53016600 2836.036    809.0    16.0
      G169 GCYM 1509011152 53013801 2906.959    841.0    17.0
      G169 GCYM 1509011250 53013700 2859.407    815.0    17.0
      G169 GCYM 1509011340 53013601 2858.735    819.0    17.0
      G169 GCYM 1509011557 53000100 2843.313    810.0    18.0
      G169 GCYM 1509011626 53018101 2795.917    785.0    17.0
      G169 GCYM 1509011728 53013000 2868.215    809.0    17.0
      G169 GCYM 1509011810 53012801 2909.675    823.0    17.0
      G169 GCYM 1509011846 53012600 2938.659    825.0    16.0
      G169 GCYM 1509011912 53012502 2993.246    841.0    18.0
55555
      G169 GCYM 1509020814 53012502 2994.031    842.0    18.0
      G169 GCYM 1509020842 53012600 2939.549    827.0    18.0
      G169 GCYM 1509020922 53012801 2910.686    825.0    16.0
      G169 GCYM 1509020952 53013000 2869.337    811.0    17.0
      G169 GCYM 1509021056 53018101 2797.187    788.0    18.0
      G169 GCYM 1509021125 53000100 2844.662    806.0    18.0
      G169 GCYM 1509021207 53013601 2860.222    820.0    20.0
      G169 GCYM 1509021333 53013700 2860.960    815.0    21.0
      G169 GCYM 1509021433 53013801 2908.549    840.0    23.0
      G169 GCYM 1509021525 53016600 2837.680    809.0    22.0
      G169 GCYM 1509021608 53013900 2836.847    812.0    23.0
      G169 GCYM 1509021637 53014000 2822.221    804.0    22.0
55555
      G169 GCYM 1509040838 53000100 2847.372    813.0    16.0
      G169 GCYM 1509040908 53000201 2828.895    806.0    17.0
      G169 GCYM 1509040942 53000300 2747.135    767.0    17.0
      G169 GCYM 1509041032 53000400 2791.250    777.0    22.0
      G169 GCYM 1509041200 53000600 2827.284    799.0    25.0
      G169 GCYM 1509041225 53014600 2870.627    835.0    22.0
      G169 GCYM 1509041333 53005601 2874.723    831.0    27.0
      G169 GCYM 1509041407 53014600 2870.704    835.0    22.0
      G169 GCYM 1509041436 53000600 2827.421    799.0    27.0
      G169 GCYM 1509041552 53000400 2791.545    784.0    27.0
      G169 GCYM 1509041644 53000300 2747.566    764.0    29.0
      G169 GCYM 1509041716 53000201 2829.410    800.0    28.0
      G169 GCYM 1509041746 53000100 2847.969    808.0    28.0
55555
      G169 GCYM 1509050828 53000600 2828.444    798.0    20.0
      G169 GCYM 1509050913 53011102 2911.413    831.0    26.0
      G169 GCYM 1509050942 53011001 2962.486    847.0    26.0
      G169 GCYM 1509051019 53010901 2954.158    846.0    27.0
      G169 GCYM 1509051114 53010701 2968.267    862.0    28.0
      G169 GCYM 1509051147 53010601 2940.860    839.0    27.0
      G169 GCYM 1509051221 53018301 2889.335    806.0    24.0
      G169 GCYM 1509051339 53011401 3018.265    851.0    28.0
      G169 GCYM 1509051413 53011502 2963.794    827.0    24.0
      G169 GCYM 1509051501 53011601 2999.575    836.0    23.0
      G169 GCYM 1509051533 53011702 3072.332    867.0    27.0
      G169 GCYM 1509051550 53011802 3100.077    877.0    29.0
      G169 GCYM 1509051607 53011702 3072.355    867.0    27.0
      G169 GCYM 1509051632 53011601 2999.667    835.0    24.0
      G169 GCYM 1509051719 53011502 2963.976    825.0    23.0
      G169 GCYM 1509051753 53011401 3018.531    850.0    22.0
      G169 GCYM 1509051837 53018301 2889.716    803.0    21.0
      G169 GCYM 1509051910 53010401 2848.252    781.0    22.0
55555
      G169 GCYM 1509060807 53010401 2848.959    835.0    15.0
      G169 GCYM 1509061043 91014900 2741.218    735.0    15.0
      G169 GCYM 1509061138 91014902 2835.039    775.0    18.0
      G169 GCYM 1509061240 91014900 2741.388    734.0    19.0
      G169 GCYM 1509061535 53010401 2849.572    782.0    21.0
      G169 GCYM 1509061601 53018301 2891.093    805.0    21.0
      G169 GCYM 1509061633 53010601 2942.695    837.0    23.0
      G169 GCYM 1509061705 53010701 2970.178    852.0    25.0
      G169 GCYM 1509061742 53010901 2956.174    844.0    24.0
      G169 GCYM 1509061819 53011001 2964.599    845.0    24.0
      G169 GCYM 1509061851 53011102 2913.608    830.0    20.0
      G169 GCYM 1509061933 53000600 2830.742    797.0    18.0
55555
      G169 GCYM 1509070909 53000600 2831.475    799.0    17.0
      G169 GCYM 1509070938 53000701 2865.780    820.0    18.0
      G169 GCYM 1509070958 53000802 2832.076    807.0    18.0
      G169 GCYM 1509071023 53000900 2764.627    774.0    18.0
      G169 GCYM 1509071106 53018501 2827.433    800.0    19.0
      G169 GCYM 1509071125 53001900 2827.028    801.0    20.0
      G169 GCYM 1509071139 53013500 2826.020    801.0    19.0
      G169 GCYM 1509071218 53001801 2820.969    799.0    24.0
      G169 GCYM 1509071325 53097301 2805.440    793.0    18.0
      G169 GCYM 1509071351 53007501 2805.020    793.0    20.0
      G169 GCYM 1509071424 53007300 2816.724    798.0    17.0
      G169 GCYM 1509071500 53007201 2835.345    797.0    22.0
55555
      G169 GCYM 1509080908 53007201 2836.352    797.0    20.0
      G169 GCYM 1509080936 53007300 2817.800    797.0    21.0
      G169 GCYM 1509081007 53007501 2806.172    793.0    24.0
      G169 GCYM 1509081026 53097301 2806.656    791.0    24.0
      G169 GCYM 1509081100 53001801 2822.322    797.0    24.0
      G169 GCYM 1509081128 53013500 2827.481    799.0    19.0
      G169 GCYM 1509081140 53001900 2828.519    799.0    24.0
      G169 GCYM 1509081244 53018501 2829.043    797.0    27.0
      G169 GCYM 1509081325 53000900 2766.380    771.0    22.0
      G169 GCYM 1509081353 53000802 2833.903    803.0    25.0
      G169 GCYM 1509081421 53000701 2867.672    815.0    29.0
      G169 GCYM 1509081451 53000600 2833.454    794.0    28.0
55555
      G169 GCYM 1509090830 53007000 2825.835    791.0    19.0
      G169 GCYM 1509090900 53007201 2837.872    799.0    21.0
      G169 GCYM 1509090942 53020001 2759.987    749.0    17.0
      G169 GCYM 1509091026 53009101 2871.802    796.0    21.0
      G169 GCYM 1509091053 53009000 2851.890    788.0    23.0
      G169 GCYM 1509091133 53008802 2808.186    776.0    22.0
      G169 GCYM 1509091228 53005950 2778.200    761.0    24.0
      G169 GCYM 1509091236 53008702 2780.253    761.0    24.0
      G169 GCYM 1509091353 53009500 2746.724    734.0    16.0
      G169 GCYM 1509091418 53009600 2810.262    765.0    17.0
      G169 GCYM 1509091447 53009900 2931.494    822.0    20.0
      G169 GCYM 1509091533 53010100 2976.853    839.0    21.0
      G169 GCYM 1509091614 53010200 2946.133    832.0    22.0
      G169 GCYM 1509091644 53010401 2854.207    783.0    19.0
55555
      G169 GCYM 1509100846 53010401 2855.106    787.0    17.0
      G169 GCYM 1509100916 53010200 2947.093    836.0    19.0
      G169 GCYM 1509100946 53010100 2977.889    844.0    19.0
      G169 GCYM 1509101039 53009900 2932.639    827.0    21.0
      G169 GCYM 1509101115 53009600 2811.504    769.0    16.0
      G169 GCYM 1509101136 53009500 2748.034    739.0    15.0
      G169 GCYM 1509101219 53008702 2781.740    765.0    20.0
      G169 GCYM 1509101308 53005950 2779.766    764.0    20.0
      G169 GCYM 1509101351 53008802 2809.903    777.0    19.0
      G169 GCYM 1509101433 53009000 2853.745    789.0    22.0
      G169 GCYM 1509101455 53009101 2873.715    797.0    19.0
      G169 GCYM 1509101539 53020001 2762.015    751.0    20.0
      G169 GCYM 1509101610 53007201 2839.983    799.0    23.0
      G169 GCYM 1509101637 53007000 2828.011    791.0    20.0
55555
      G169 GCYM 1509110915 53007000 2828.960    795.0    19.0
      G169 GCYM 1509110941 53007601 2796.019    790.0    21.0
      G169 GCYM 1509111015 53007700 2753.375    762.0    20.0
      G169 GCYM 1509111056 53007900 2778.196    769.0    22.0
      G169 GCYM 1509111108 53008000 2790.508    777.0    24.0
      G169 GCYM 1509111155 53008201 2802.678    779.0    25.0
      G169 GCYM 1509111313 53016801 2782.302    761.0    22.0
      G169 GCYM 1509111411 10106901 2622.871    691.0    18.0
      G169 GCYM 1509111436 53008601 2732.913    729.0    21.0
      G169 GCYM 1509111452 53085900 2788.308    749.0    22.0
      G169 GCYM 1509111527 53005950 2781.519    759.0    26.0
      G169 GCYM 1509111600 53013401 2777.052    756.0    25.0
      G169 GCYM 1509111608 53013400 2772.517    756.0    20.0
      G169 GCYM 1509111617 53013401 2777.089    757.0    25.0
      G169 GCYM 1509111648 53005950 2781.664    760.0    20.0
55555
      G169 GCYM 1509120858 53005950 2782.660    764.0    17.0
      G169 GCYM 1509120931 53085900 2789.525    753.0    18.0
      G169 GCYM 1509120944 53008601 2734.164    732.0    18.0
      G169 GCYM 1509121008 10106901 2624.169    691.0    13.0
      G169 GCYM 1509121102 53016801 2783.716    762.0    19.0
      G169 GCYM 1509121214 53008201 2804.238    778.0    23.0
      G169 GCYM 1509121242 53008000 2792.121    777.0    25.0
      G169 GCYM 1509121253 53007900 2779.825    769.0    21.0
      G169 GCYM 1509121400 53007700 2755.123    759.0    17.0
      G169 GCYM 1509121427 53007601 2797.818    789.0    21.0
      G169 GCYM 1509121452 53007000 2830.816    793.0    16.0
55555
      G169 GCYM 1509130800 53085900 2791.051    754.0    11.0
      G169 GCYM 1509130910 10236600 2864.951    808.0    15.0
      G169 GCYM 1509131053 91022200 2611.762    691.0    10.0
      G169 GCYM 1509131143 10125801 2615.408    686.0    17.0
      G169 GCYM 1509131307 91011000 2651.760    699.0    18.0
      G169 GCYM 1509131558 91010900 2639.562    693.0    18.0
      G169 GCYM 1509131812 91010801 2460.457    613.0    14.0
      G169 GCYM 1509132030 91010701 2718.467    719.0    12.0
55555
      G169 GCYM 1509140911 91010701 2719.237    721.0    14.0
      G169 GCYM 1509140949 51013100 2718.416    722.0    15.0
      G169 GCYM 1509141014 91010701 2719.259    720.0    17.0
      G169 GCYM 1509141223 91010801 2461.454    615.0    11.0
      G169 GCYM 1509141455 91010900 2640.951    692.0    18.0
      G169 GCYM 1509141830 91011000 2653.798    694.0    15.0
      G169 GCYM 1509141939 10125801 2617.611    681.0    14.0
55555
      G169 GCYM 1509150940 10125801 2618.476    685.0    13.0
      G169 GCYM 1509151013 10125802 2621.224    685.0    14.0
      G169 GCYM 1509151039 10125803 2615.394    685.0    15.0
      G169 GCYM 1509151048 10125804 2613.074    685.0    15.0
      G169 GCYM 1509151056 10125803 2615.394    685.0    15.0
      G169 GCYM 1509151116 10125802 2621.243    685.0    16.0
      G169 GCYM 1509151133 10125801 2618.516    685.0    18.0
      G169 GCYM 1509151222 91022200 2614.903    688.0    17.0
      G169 GCYM 1509151418 10236600 2868.207    801.0    26.0
      G169 GCYM 1509151546 53085900 2794.452    747.0    25.0
55555
      G169 GCYM 1509180748 53006300 2924.177    845.0    18.0
      G169 GCYM 1509180831 53002202 2943.134    862.0    18.0
      G169 GCYM 1509180852 53002100 2936.414    857.0    21.0
      G169 GCYM 1509180925 53001801 2837.595    802.0    21.0
      G169 GCYM 1509180958 53002100 2936.504    858.0    23.0
      G169 GCYM 1509181013 53002202 2943.256    861.0    23.0
      G169 GCYM 1509181040 53006300 2924.400    846.0    24.0
      G169 GCYM 1509181109 53002202 2943.320    861.0    22.0
      G169 GCYM 1509181205 53097302 2920.885    841.0    23.0
      G169 GCYM 1509181421 10129210 2906.934    833.0    27.0
      G169 GCYM 1509181440 10129200 2897.820    833.0    27.0
      G169 GCYM 1509181456 10129210 2906.957    833.0    29.0
      G169 GCYM 1509181630 53097302 2921.104    837.0    23.0
      G169 GCYM 1509181644 53002500 2905.541    830.0    21.0
      G169 GCYM 1509181737 10503001 2905.558    827.0    23.0
55555
      G169 GCYM 1509190811 10503001 2906.477    829.0    18.0
      G169 GCYM 1509190909 53002701 2946.324    851.0    21.0
      G169 GCYM 1509191002 53016900 2864.710    815.0    19.0
      G169 GCYM 1509191035 53003101 2889.423    833.0    20.0
      G169 GCYM 1509191108 53016900 2864.791    815.0    19.0
      G169 GCYM 1509191310 53002701 2946.561    851.0    23.0
      G169 GCYM 1509191400 10503001 2906.852    828.0    24.0
      G169 GCYM 1509191456 53002500 2906.970    829.0    22.0
      G169 GCYM 1509191509 53097302 2922.558    836.0    22.0
      G169 GCYM 1509191603 53002202 2945.089    855.0    22.0
55555
      G169 GCYM 1509200746 53003101 2890.685    831.0    17.0
      G169 GCYM 1509200819 10525200 2884.599    831.0    17.0
      G169 GCYM 1509200858 53003402 2919.500    836.0    19.0
      G169 GCYM 1509200931 53003602 3028.861    903.0    21.0
      G169 GCYM 1509200958 53003700 3022.355    897.0    23.0
      G169 GCYM 1509201042 53003903 2887.908    833.0    18.0
      G169 GCYM 1509201113 53018700 2911.425    845.0    20.0
      G169 GCYM 1509201150 53004100 2873.730    827.0    19.0
      G169 GCYM 1509201244 53004301 2887.018    840.0    19.0
      G169 GCYM 1509201413 53004501 2972.517    889.0    26.0
      G169 GCYM 1509201425 10215700 2966.300    886.0    26.0
      G169 GCYM 1509201508 53004600 2989.297    895.0    26.0
      G169 GCYM 1509201616 53004700 3020.092    904.0    25.0
      G169 GCYM 1509201644 53019002 3013.791    904.0    25.0
      G169 GCYM 1509201733 53018900 2791.031    786.0    17.0
      G169 GCYM 1509201848 53019100 2876.794    824.0    18.0
      G169 GCYM 1509201921 53018801 2830.934    799.0    19.0
      G169 GCYM 1509202008 53005301 2936.694    857.0    20.0
55555
      G169 GCYM 1509210803 53005301 2937.345    857.0    22.0
      G169 GCYM 1509210839 53005601 2900.167    830.0    19.0
      G169 GCYM 1509210844 53005601 2900.166    830.0    19.0
      G169 GCYM 1509210918 53005301 2937.465    858.0    24.0
66666
      G169 GCYM 1509211016 53005301 2937.545    858.0    24.0
      G169 GCYM 1509211036 10632610 2933.868    856.0    26.0
      G169 GCYM 1509211050 53005301 2937.598    857.0    26.0
      G169 GCYM 1509211133 53018801 2831.966    799.0    20.0
      G169 GCYM 1509211208 53019100 2877.926    825.0    19.0
      G169 GCYM 1509211451 10105200 2952.769    867.0    28.0
      G169 GCYM 1509211639 53019100 2878.232    821.0    22.0
      G169 GCYM 1509211721 53018900 2792.593    783.0    17.0
      G169 GCYM 1509211810 53019002 3015.461    900.0    25.0
      G169 GCYM 1509211833 53004700 3021.815    901.0    25.0
      G169 GCYM 1509211912 53004600 2991.116    891.0    23.0
      G169 GCYM 1509212003 10215700 2968.206    881.0    24.0
55555
      G169 GCYM 1509220816 10215700 2968.880    884.0    22.0
      G169 GCYM 1509220825 53004501 2975.115    887.0    25.0
      G169 GCYM 1509220935 53004301 2889.779    837.0    22.0
      G169 GCYM 1509221033 53004100 2876.648    824.0    20.0
      G169 GCYM 1509221109 53018700 2914.445    841.0    22.0
      G169 GCYM 1509221144 53003903 2891.015    829.0    24.0
      G169 GCYM 1509221232 53003700 3025.610    892.0    26.0
      G169 GCYM 1509221330 53003602 3032.228    896.0    30.0
      G169 GCYM 1509221400 53003402 2922.966    831.0    24.0
      G169 GCYM 1509221441 10525200 2888.183    826.0    27.0
66666
      G169 GCYM 1509221443 10525200 2888.185    826.0    27.0
      G169 GCYM 1509221552 10122410 2933.923    844.0    28.0
      G169 GCYM 1509221630 10122400 2929.010    842.0    30.0
      G169 GCYM 1509221648 10122410 2933.975    842.0    28.0
      G169 GCYM 1509221757 10525200 2888.371    825.0    25.0
      G169 GCYM 1509221821 53003101 2894.529    826.0    25.0
55555
      G169 GCYM 1509230828 10525200 2889.192    828.0    20.0
      G169 GCYM 1509230939 91021800 3051.270    899.0    24.0
      G169 GCYM 1509231109 10237000 2924.621    838.0    24.0
      G169 GCYM 1509231258 10128310 2921.008    832.0    23.0
      G169 GCYM 1509231314 10128301 2920.354    832.0    23.0
      G169 GCYM 1509231321 10128310 2921.044    832.0    23.0
      G169 GCYM 1509231447 10128300 2951.789    851.0    25.0
      G169 GCYM 1509231530 10128310 2921.254    831.0    21.0
      G169 GCYM 1509231726 10237000 2925.176    835.0    20.0
      G169 GCYM 1509231901 91024200 3089.549    911.0    25.0
      G169 GCYM 1509232039 10123000 3085.881    920.0    24.0
55555
      G169 GCYM 1509241055 10123000 3086.691    922.0    28.0
      G169 GCYM 1509241221 91024200 3090.546    913.0    27.0
      G169 GCYM 1509241415 10237000 2926.441    836.0    27.0
      G169 GCYM 1509241546 91021800 3053.381    895.0    29.0
      G169 GCYM 1509241657 10525200 2891.471    824.0    24.0
55555  
99999