P1,P2,DC,Err,res,meter
11000220,11019721,41.40244157976042,0.007177073869498032,0.0009111479742855977,C098
11019721,11090100,44.99065401254063,0.009029101260796694,-0.005969601660325452,C098
11090100,11090101,28.80360640295794,0.01059617904214451,-0.008674063281841171,C098
11090101,11020220,116.99643295412943,0.011363733528819383,0.000940234491793035,C098
11020220,11090102,43.204129766695814,0.01199080229474047,0.0016876684005637799,C098
11090102,11020220,-43.204129766695814,0.01199080229474047,0.0033506789962061134,C098
11020220,11090101,-116.99643295412943,0.011363733528819383,-0.005525800626713817,C098
11090101,11090100,-28.80360640295794,0.01059617904214451,-0.0009101461397982291,C098
11090100,11090101,28.80360640295794,0.01059617904214451,0.003584083968103613,C098
11090101,11020220,116.99643295412943,0.011363733528819383,-0.009272627700809721,C098
11020220,11090102,43.204129766695814,0.01199080229474047,0.001444997294711925,C098
11090102,11020220,-43.204129766695814,0.01199080229474047,0.0014207235015035735,C098
11020220,11090101,-116.99643295412943,0.011363733528819383,-0.0011678557793715072,C098
11090101,11090100,-28.80360640295794,0.01059617904214451,-0.00254109637072375,C098
11090100,11019721,-44.99065401254063,0.009029101260796694,-0.004330864857308825,C098
11019721,11000220,-41.40244157976042,0.007177073869498032,0.024529606181950214,C098
11000220,11003902,8.99137938659078,0.008002608182189784,0.003281268400835202,C098
11003902,11013902,-0.0033786240587687644,0.010597693900247824,-0.001751763185275661,C098
11013902,11003902,0.0033786240587687644,0.010597693900247824,-0.0017517631852019995,C098
11003902,11004120,-16.19777340887788,0.009656398207511787,0.000523645981463261,C098
11004120,11014121,50.39974218096211,0.011357865242056142,0.0021574961748740407,C098
11014121,11004120,-50.39974218096211,0.011357865242056142,0.002157496175328788,C098
11004120,11003820,3.60250825022365,0.009869591078735513,-0.0010755385436254095,C098
11003820,11019721,45.00632735182387,0.008748349922132897,-0.002570968778918825,C098
11019721,11003820,-45.00632735182387,0.008748349922132897,-0.0024752490407777827,C098
11003820,11004120,-3.60250825022365,0.009869591078735513,-0.0009798188051686196,C098
11004120,11003902,16.19777340887788,0.009656398207511787,0.0006193657195403546,C098
11003902,11000220,-8.99137938659078,0.008002608182189784,0.003376988138953152,C098
13064422,13064320,-14.39190751079019,0.010660130056840678,-0.007194575535246273,C098
13064320,13064422,14.39190751079019,0.010660130056840678,-0.005945389891104824,C098
13064422,13064524,-18.002252202728755,0.011827669425729034,0.007753330523815549,C098
13064524,13072100,106.20922674123818,0.013974640618744483,-0.006281441340959759,C098
13072100,13072200,-19.803998870001948,0.015848141684015195,0.0008932108340431455,C098
13072200,13072301,41.39899828699029,0.017553410450086317,-0.005456810098422693,C098
13072301,13090000,27.003528125955057,0.019116617602746383,0.004620883200242787,C098
13090000,13090101,-198.00408661622302,0.020565396637389235,-0.0016182149069550178,C098
13090101,13090000,198.00408661622302,0.020565396637389235,-0.0016182149073813434,C098
13090000,13072301,-27.003528125955057,0.019116617602746383,0.004620883200175285,C098
13072301,13072200,-41.39899828699029,0.017553410450086317,-0.005456810097726361,C098
13072200,13072100,19.803998870001948,0.015848141684015195,0.000893210835190672,C098
13072100,13064524,-106.20922674123818,0.013974640618744483,-0.006281441339837102,C098
13064524,13064422,18.002252202728755,0.011827669425729034,0.007753330525467561,C098
13064422,13064620,14.40123985054646,0.011467720132014603,-0.004487161278698082,C098
13064620,13072402,43.206007761148385,0.012906093432279744,-0.0007407126227789718,C098
13072402,10107200,5.383846826789863,0.014478809671591252,0.00047079038997299705,C098
10107200,13072402,-5.383846826789863,0.014478809671591252,0.0004707903900129651,C098
13072402,13072600,95.39431151497669,0.013935816764018364,-0.008433516298936183,C098
13072600,13072701,79.19882086826593,0.01464227876745661,0.0019716392427540086,C098
13072701,13072801,37.798609216813304,0.01508226721018194,-0.0028322028024660995,C098
13072801,13090400,30.59990830443536,0.01526907417933518,0.006349751575864815,C098
13090400,15024600,-89.99421529323058,0.01521078471569685,-0.00616729771189739,C098
15024600,98000100,41.3928422705001,0.014913248477236067,-0.00038400242723213296,C098
98000100,98000201,-93.5940695315229,0.014356213211291408,0.005771616855895445,C098
98000201,98050800,77.39695483048803,0.013511041765503867,-0.005955735052040723,C098
98050800,98051500,43.198707730109476,0.012314439824649588,0.0013521200169748226,C098
98051500,10114700,-55.806019100595265,0.010647473444086342,-0.005865316600889514,C098
10114700,13064920,5.412698764438986,0.008233964245017824,0.011003832305599204,C098
13064920,10114700,-5.412698764438986,0.008233964245017824,0.012451153364221312,C098
10114700,98051500,55.806019100595265,0.010647473444086342,-0.004417995542588926,C098
98051500,98050800,-43.198707730109476,0.012314439824649588,0.0027994410751261967,C098
98050800,98000201,-77.39695483048803,0.013511041765503867,-0.004508413994273042,C098
98000201,98000100,93.5940695315229,0.014356213211291408,0.00721893791406103,C098
98000100,15024600,-41.3928422705001,0.014913248477236067,0.0010633186293986796,C098
15024600,13090400,89.99421529323058,0.01521078471569685,-0.004719976654200764,C098
13090400,13072801,-30.59990830443536,0.01526907417933518,0.007797072634215141,C098
13072801,13072701,-37.798609216813304,0.01508226721018194,-0.0013848817440305083,C098
13072701,13072600,-79.19882086826593,0.01464227876745661,0.0034189603010190694,C098
13072600,13072402,-95.39431151497669,0.013935816764018364,-0.006986195240116899,C098
13072402,13064620,-43.206007761148385,0.012906093432279744,0.0007066084351734503,C098
13064620,13064422,-14.40123985054646,0.011467720132014603,-0.0030398402201665675,C098
13064422,13064720,216.00261712218753,0.010377204605784507,-0.0023507964042721596,C098
13064720,13051600,-336.5974216289767,0.009447295549766282,-0.005483069734680157,C098
13051600,98052300,307.7959429208648,0.009564635056946325,0.01048262391799426,C098
98052300,98052600,-307.79221078288384,0.010771623937961819,-0.002195450203942073,C098
98052600,98052300,307.79221078288384,0.010771623937961819,-0.0034217091841810543,C098
98052300,13051600,-307.7959429208648,0.009564635056946325,0.009256364937698436,C098
13051600,13064920,349.2006016931631,0.007696603065148666,0.005577536521457205,C098
13064920,14080123,43.199168182675635,0.008401832541433316,-0.0033185894051683817,C098
14080123,14080220,25.190880739738667,0.011198625838763602,-0.002211702956955719,C098
14080220,14080123,-25.190880739738667,0.011198625838763602,-0.0022117029570729585,C098
14080123,13064920,-43.199168182675635,0.008401832541433316,-0.003318589405438388,C098
13064920,13051600,-349.2006016931631,0.007696603065148666,0.004107288799616526,C098
13051600,13064720,336.5974216289767,0.009447295549766282,-0.008179576436134539,C098
13064720,13064422,-216.00261712218753,0.010377204605784507,-0.005047303105214951,C098
98052600,98052500,439.2065093305747,0.011829050412135078,-0.0006440751016612012,C098
98052500,98000700,-5.402925714541311,0.012839999139603398,-0.0036446173090922684,C098
98000700,14023401,-59.413686203249625,0.013317944109359988,0.004552589944374574,C098
14023401,14034101,-1.8010239748782055,0.014430468241537868,0.0023048343904636948,C098
14034101,14034100,5.4020845113284395,0.016231529403088363,-0.005742787177801745,C098
14034100,14034101,-5.4020845113284395,0.016231529403088363,-0.005742787177609898,C098
14034101,14023401,1.8010239748782055,0.014430468241537868,0.002304834390225885,C098
14023401,13072003,-25.191907434770116,0.013315077098279431,0.005060012230028832,C098
13072003,13072001,5.398501941301021,0.014196259716362607,-0.005054488788478473,C098
13072001,13072003,-5.398501941301021,0.014196259716362607,-0.005054488788434064,C098
13072003,13060320,-113.40150937497566,0.012835009846077976,0.004369039026101973,C098
13060320,13072003,113.40150937497566,0.012835009846077976,0.0027644945327693904,C098
13072003,14023401,25.191907434770116,0.013315077098279431,0.00345546773554517,C098
14023401,98000700,59.413686203249625,0.013317944109359988,0.002948045450416714,C098
98000700,98052500,5.402925714541311,0.012839999139603398,-0.005249161803350333,C098
98052500,98052600,-439.2065093305747,0.011829050412135078,-0.00224861959526379,C098
98052600,98052200,345.5936176171897,0.011539246221137167,0.005067442787776599,C098
98052200,98052100,75.60048170638265,0.0119210971863353,0.0010229542884161447,C098
98052100,13062822,-62.99975695708352,0.011569673964934779,-0.003990646273479115,C098
13062822,98001200,-134.9960863171034,0.011732107420796297,-0.006604581325490244,C098
98001200,98000600,-72.00688090752234,0.01244598256811243,0.003067924449084103,C098
98000600,13060320,84.6051054611749,0.012555813674981965,-0.005033358969640744,C098
13060320,13060220,-133.21044331143025,0.01271964132812987,-0.003954272533860603,C098
13060220,13008022,-118.79409783790845,0.013028076519220994,0.010062358121601278,C098
13008022,13060220,118.79409783790845,0.013028076519220994,0.011375358429376092,C098
13060220,13060320,133.21044331143025,0.01271964132812987,-0.0026412722261284216,C098
13060320,98000600,-84.6051054611749,0.012555813674981965,-0.002115814169769692,C098
98000600,98001200,72.00688090752234,0.01244598256811243,0.005985469250120445,C098
98001200,13062822,134.9960863171034,0.011732107420796297,-0.003687036525178655,C098
13062822,98052100,62.99975695708352,0.011569673964934779,-0.0036123607600870855,C098
98052100,98052200,-75.60048170638265,0.0119210971863353,0.0014012398015381677,C098
98052200,98052600,-345.5936176171897,0.011539246221137167,0.005445728301253894,C098
11000220,11019620,8.998161735440021,0.007416337502077995,-0.008513828718420768,C098
11019620,11002521,-28.798241291639215,0.009133876704027011,0.0016635871727643803,C098
11002521,11019120,9.000302256042573,0.010288586035352243,0.004823562276349946,C098
11019120,11002400,10.800660056546462,0.010311578236056296,-0.0005378120249339702,C098
11002400,11002322,-18.007815977127507,0.010897851500914466,-0.0013926277016089728,C098
11002322,11018920,97.20949440689321,0.01220672490993189,-0.0022793008442363316,C098
11018920,11018621,-5.406120429875273,0.012981266770200502,0.00916649398213476,C098
11018621,11003420,117.0049275758343,0.013314981419305231,-0.011171995023815384,C098
11003420,11003320,36.00425694765602,0.013243005225181655,0.004099375692092622,C098
11003320,11003221,-41.40565499455721,0.012756247297437595,0.004698115876600184,C098
11003221,11003021,39.60245853437823,0.011802731617863235,-0.0002539526373439571,C098
11003021,11003221,-39.60245853437823,0.011802731617863235,-0.0009370564180741781,C098
11003221,11003320,41.40565499455721,0.012756247297437595,0.004015012096303394,C098
11003320,11003420,-36.00425694765602,0.013243005225181655,0.0034162719118242535,C098
11003420,11018621,-117.0049275758343,0.013314981419305231,-0.011855098804488762,C098
11018621,11018920,5.406120429875273,0.012981266770200502,0.00848339020185307,C098
11018920,11002322,-97.20949440689321,0.01220672490993189,-0.002962404625407089,C098
11002322,11002400,18.007815977127507,0.010897851500914466,-0.002075731481799181,C098
11002400,11019120,-10.800660056546462,0.010311578236056296,0.001579283204080184,C098
11019120,11002521,-9.000302256042573,0.010288586035352243,0.00694065750514028,C098
11002521,11019620,28.798241291639215,0.009133876704027011,0.003780682401885116,C098
11019620,11000220,-8.998161735440021,0.007416337502077995,-0.010017758414422318,C098
11000220,11019721,41.40244157976042,0.007177073869498032,0.007292764625418613,C098
11019721,11019620,-32.4042798443204,0.007958087010566136,-0.006554933310042088,C098
11019620,10100100,7.209032658724595,0.009707304695820828,0.002243532869328213,C098
10100100,11019620,-7.209032658724595,0.009707304695820828,0.0022435328696177592,C098
11019620,11002802,100.8021904957049,0.00919317215308231,-0.001714756472154022,C098
11002802,10119201,135.00493652494998,0.01057665735282783,-0.0017586881735951465,C098
10119201,11003021,-19.802859936503296,0.011100276944623443,-0.0022528583616931996,C098
11003021,13064121,-90.00080071786209,0.011393311156116314,0.01086657276810854,C098
13064121,13064220,107.99417088710362,0.011532759777956772,-0.0040605917386074,C098
13064220,13064320,-1.7935245976611895,0.011099856892838919,0.006534320725525511,C098
13064320,13064021,27.00016000373091,0.01116306704255024,-0.008039713943407634,C098
13064021,13062920,124.19540088296506,0.011650371239804417,-0.0007510910280501548,C098
13062920,13062822,100.79961662177482,0.011462100250160753,-0.008951033975336031,C098
13062822,13062721,-154.7985771019801,0.01180589333306694,0.003561115819564975,C098
13062721,13062620,-52.20580910364532,0.012749422913531951,0.005421452278582706,C098
13062620,13062520,-23.393515742123725,0.013274428182079972,-0.0017910127734985792,C098
13062520,13062420,-5.393031829412507,0.013431471763003869,-8.758907677197669e-05,C098
13062420,13062320,50.396769497118896,0.0132336540562518,0.00761390775205939,C098
13062320,11090102,-32.40602290351575,0.012664107004875963,0.00028906626017999315,C098
11090102,13062320,32.40602290351575,0.012664107004875963,-0.001349670541856085,C098
13062320,13062420,-50.396769497118896,0.0132336540562518,0.005975170949376718,C098
13062420,13062520,5.393031829412507,0.013431471763003869,-0.0017263258791535563,C098
13062520,13062620,23.393515742123725,0.013274428182079972,-0.0034297495762807273,C098
13062620,13062721,52.20580910364532,0.012749422913531951,0.00378271547641873,C098
13062721,13062822,154.7985771019801,0.01180589333306694,0.0019223790172873123,C098
13062822,13062920,-100.79961662177482,0.011462100250160753,-0.008050511488889356,C098
13062920,13064021,-124.19540088296506,0.011650371239804417,0.00014943145752965847,C098
13064021,13064320,-27.00016000373091,0.01116306704255024,-0.007139191458133354,C098
13064320,13064220,1.7935245976611895,0.011099856892838919,0.006185657566907032,C098
13064220,13064121,-107.99417088710362,0.011532759777956772,-0.004409254896572179,C098
13064121,11003021,90.00080071786209,0.011393311156116314,0.010517909610854304,C098
11003021,10119201,19.802859936503296,0.011100276944623443,-0.0019184177388957835,C098
10119201,11002802,-135.00493652494998,0.01057665735282783,-0.0014242475513697173,C098
11002802,11019620,-100.8021904957049,0.00919317215308231,-0.001380315849800695,C098
11019620,11019721,32.4042798443204,0.007958087010566136,-0.0025994677619536333,C098
11019721,11000220,-41.40244157976042,0.007177073869498032,-0.010827210968592738,C098
11000220,11004021,3.589899397794511,0.008136622668720363,-0.0032861133089441275,C098
11004021,11010420,37.80688944541225,0.010264320129601844,0.008210102541319486,C098
11010420,11010320,-12.597224013812593,0.011432550161579538,-0.0023291332367687545,C098
11010320,11010922,16.204564927188585,0.011927502458917001,-0.00023534833350069562,C098
11010922,13008320,25.195966662589456,0.011835090820033591,0.0009718575355286418,C098
13008320,13008420,-1.7987941050108134,0.011817588477912982,0.010863594154288947,C098
13008420,13008520,7.2040535502441685,0.011728979003885323,-0.0012111329355137812,C098
13008520,13008420,-7.2040535502441685,0.011728979003885323,-0.003716494692178607,C098
13008420,13008320,1.7987941050108134,0.011817588477912982,0.008358232398171905,C098
13008320,13008220,-3.6023515843565406,0.011882102604984674,-0.00865614183505281,C098
13008220,13008123,1.8057223199227792,0.012465791818858755,-0.005817237956451393,C098
13008123,13008022,50.39158183211475,0.012946045064081335,0.004466667460611973,C098
13008022,13008123,-50.39158183211475,0.012946045064081335,0.0031536671530858484,C098
13008123,13008220,-1.8057223199227792,0.012465791818858755,-0.00713023826394199,C098
13008220,13013632,48.603215261171385,0.012662856247362986,-0.0068294051027635305,C098
13013632,13015015,-0.0008676384386490099,0.013424514462568118,-0.0008883546840441868,C098
13015015,13013520,-16.199061051562012,0.013632027449042882,0.010927793993399604,C098
13013520,13008721,37.79609279413438,0.013310092355585468,-0.009516037315940196,C098
13008721,13008622,-59.397022718803896,0.012830035969087022,-0.009099516038730826,C098
13008622,13008520,-1.7947456169113138,0.012069503320644432,0.007321038036162353,C098
13008520,13008622,1.7947456169113138,0.012069503320644432,0.009834702028166609,C098
13008622,13008721,59.397022718803896,0.012830035969087022,-0.006585852046967489,C098
13008721,13013520,-37.79609279413438,0.013310092355585468,-0.007964256843351336,C098
13013520,13015015,16.199061051562012,0.013632027449042882,0.012479574466340182,C098
13015015,13013632,0.0008676384386490099,0.013424514462568118,0.00066342578790397,C098
13013632,13008220,-48.603215261171385,0.012662856247362986,-0.00527762463033099,C098
13008220,13008320,3.6023515843565406,0.011882102604984674,-0.008417361670028711,C098
13008320,11010922,-25.195966662589456,0.011835090820033591,-0.0012947240549578964,C098
11010922,10100200,5.4075172791626755,0.013115842354379325,0.0019361451097434923,C098
10100200,11010922,-5.4075172791626755,0.013115842354379325,0.001936145109886489,C098
11010922,11010320,-16.204564927188585,0.011927502458917001,-0.002501929925525559,C098
11010320,11010420,12.597224013812593,0.011432550161579538,-0.0045957148281896565,C098
11010420,11004021,-37.80688944541225,0.010264320129601844,0.005943520950012271,C098
11004021,11000220,-3.589899397794511,0.008136622668720363,-0.005552694900424093,C098
11000220,11010124,-5.384410969446549,0.008114221628777039,-0.0031508195072840195,C098
11010124,11010223,-7.210478972217402,0.010170594585423293,-0.0014145068584499043,C098
11010223,11010520,52.21371522026561,0.011206888973187076,-0.0033180479920034145,C098
11010520,13008520,35.986530585803905,0.01149268598937886,-8.98270281055602e-05,C098
13008520,11010520,-35.986530585803905,0.01149268598937886,0.0024598378648903463,C098
11010520,11010223,-52.21371522026561,0.011206888973187076,-0.0007683830990856677,C098
11010223,11010124,7.210478972217402,0.010170594585423293,0.001135158034450079,C098
11010124,11000220,5.384410969446549,0.008114221628777039,-0.0006011546149586877,C098
11000220,11001020,-27.000375754891934,0.007882000026310301,0.001515692024312898,C098
11001020,11002400,27.001258511281776,0.009540713245133151,-0.003883320959403136,C098
11002400,11001020,-27.001258511281776,0.009540713245133151,-0.0066835199678649815,C098
11001020,11017520,3.595841769579579,0.010053040050091498,0.009573379956643091,C098
11017520,13060420,48.605444602792886,0.011612229941458255,-0.0014404097718596631,C098
13060420,12017626,109.79110729193997,0.012520406701542294,-0.002355062777851913,C098
12017626,12000525,-19.806903243012357,0.012929930569408447,0.004188419965892365,C098
12000525,12021420,-17.984939766004345,0.01336059643484815,0.0005085422187676159,C098
12021420,13060526,-21.602065067654337,0.013788003516413596,-0.0025733217368006933,C098
13060526,13060620,-8.99669803916072,0.013742782871931774,0.006021588110698417,C098
13060620,13060720,12.594898453332064,0.013224181727130994,-0.0015309674827967967,C098
13060720,13008520,-3.5909543825152355,0.012166963157301886,0.006498114416398693,C098
13008520,13060720,3.5909543825152355,0.012166963157301886,0.003940147287074147,C098
13060720,13060620,-12.594898453332064,0.013224181727130994,-0.004088934612198614,C098
13060620,13060526,8.99669803916072,0.013742782871931774,0.003463620981689175,C098
13060526,12021420,21.602065067654337,0.013788003516413596,-0.005131288865182881,C098
12021420,12000525,17.984939766004345,0.01336059643484815,-0.00204942491041038,C098
12000525,12013025,1.8058709308986636,0.013518031216468404,-0.004543066963067277,C098
12013025,12012820,-35.99882067770574,0.014186344680215164,-0.007760661178956241,C098
12012820,12012721,18.004769090259003,0.01435621583817136,0.011223249600746499,C098
12012721,13008821,28.79520685075522,0.014122310844070503,-0.003554108118844823,C098
13008821,13008721,9.004983339505486,0.013461331199852586,0.004148532874074462,C098
13008721,13008821,-9.004983339505486,0.013461331199852586,0.005110416394259687,C098
13008821,12012721,-28.79520685075522,0.014122310844070503,-0.00259222459941455,C098
12012721,12012820,-18.004769090259003,0.01435621583817136,0.012185133120759417,C098
12012820,12013025,35.99882067770574,0.014186344680215164,-0.006798777659007271,C098
12013025,12000525,-1.8058709308986636,0.013518031216468404,-0.0035811834428589595,C098
12000525,12017626,19.806903243012357,0.012929930569408447,0.002592336356332936,C098
12017626,13060420,-109.79110729193997,0.012520406701542294,-0.003951146386853566,C098
13060420,11017520,-48.605444602792886,0.011612229941458255,-0.003036493381095795,C098
11017520,11001020,-3.595841769579579,0.010053040050091498,0.007977296348105956,C098
11001020,11000220,27.000375754891934,0.007882000026310301,-0.0028805905943762866,C098
