P1,P2,DC,Err
98052200,98052100,75.5991515808501,0.010513403623953074
13064021,13062920,124.18886235637092,0.010275753750752731
13060620,13060720,12.608438070653847,0.011676342442524043
12000525,12013025,1.7922408161387011,0.011903130070648003
13072402,13072600,95.40444475431184,0.012203252204259808
12013025,12012820,-35.99494953721512,0.012436061841035906
13064220,13064320,-1.7964438291011788,0.009821197075404877
11019120,11002400,10.796660915633197,0.009313999478013178
11002802,10119201,135.0049560164178,0.009487502617603547
13008420,13008520,7.201990707837638,0.010425936055554183
13072701,13072801,37.79998846245286,0.013179681314280272
13062822,13062721,-154.7922044894388,0.01041773353649394
13072200,13072301,41.40055141870488,0.015157945562577628
13008821,13008721,9.00180181791626,0.011824651853147614
13090400,15024600,-90.00277092830513,0.013308107410261541
11019721,11019620,-32.40636816345102,0.007464924783368345
98052600,98052200,345.5970795237366,0.010202517183719591
11004021,11010420,37.80266704260646,0.00929557889398805
14080123,14080220,25.19684022230515,0.010081676322717933
13060320,13060220,-133.20992290994494,0.011178189324367791
13064422,13064320,-14.405992035842416,0.00946475999905241
13008622,13008520,-1.7961721293673918,0.010698279360445513
13060720,13008520,-3.6114223317791243,0.010796041701655358
98051500,10114700,-55.802402065241054,0.009607301852441756
10114700,13064920,5.394760083484172,0.00770177414869407
13060220,13008022,-118.7932405536776,0.011437838416039839
11019620,11002521,-28.800068802101464,0.008382948349440604
11002521,11019120,9.003934710408203,0.009303280093384426
11000220,11019721,41.40944133754874,0.006884282493279323
11000220,11004021,3.5904903129769536,0.0076255089563349475
98052100,13062822,-63.00094646504493,0.010219628329265104
13062822,98001200,-134.99442321362665,0.010356481883622986
13062920,13062822,100.80283674948237,0.01012707755933731
11003820,11019721,45.00014257406349,0.008096333024399114
12021420,13060526,-21.608086852173017,0.012151423013405677
11010223,11010520,52.19753484003513,0.01003415036653402
13062420,13062320,50.402543452076316,0.011644750675904147
12012820,12012721,17.999267351783885,0.012577989174731801
13062320,11090102,-32.40398642664519,0.011189016499909868
11090101,11020220,116.99576349816533,0.010145973121325216
11001020,11002400,26.998712271901013,0.008697512145029347
11001020,11017520,3.5983994305984197,0.009108893213364134
98052300,98052600,-307.79892202375925,0.009584639914106961
13064720,13051600,-336.5964015183391,0.008536803017939862
13051600,98052300,307.7970999413774,0.008632128705517755
13051600,13064920,349.19895273004454,0.007229579031234533
98001200,98000600,-71.99458199603231,0.010950995813778326
13062721,13062620,-52.20370690861421,0.0112079302175483
98000600,13060320,84.59440165740463,0.011040931609891991
13072100,13072200,-19.796556519891737,0.013753030927332722
13064422,13064524,-18.00280611647281,0.010429003264012004
13064422,13064620,14.398185401228034,0.010140423194457567
13064422,13064720,215.9883092872052,0.009256390766567611
98000700,14023401,-59.39967519979632,0.011673778901538631
98050800,98051500,43.204983505903826,0.010952416745496553
13008220,13008123,1.7964053196484429,0.01099495657363948
12017626,12000525,-19.800321183498454,0.011440493212659058
12000525,12021420,-18.001349353541343,0.011797469649725896
11010420,11010320,-12.596658437927658,0.010225691259877403
11010320,11010922,16.196300670068354,0.010612591129238626
13015015,13013520,-16.203008539968323,0.011966913329234932
13062520,13062420,-5.396423169003469,0.011795820463843016
11018621,11003420,116.99361346837156,0.011735671846380644
10119201,11003021,-19.804490726421193,0.009883976787343356
11017520,13060420,48.603116988788315,0.01036682710427289
98052500,98000700,-5.39466867857891,0.011280173948809523
13072402,10107200,5.4004871469244335,0.012653021549682996
98000201,98050800,77.39649596635282,0.011926971933852558
13064524,13072100,106.20342444473823,0.012202554328376086
11010124,11010223,-7.190944028313766,0.009219335857782876
13013520,13008721,37.80691135679359,0.011694746527930715
11003320,11003221,-41.40540394715822,0.011251091238446692
13064320,13064021,26.99966325601514,0.00987016765150236
13008320,13008220,-3.5991412051190537,0.010532830596262886
13008220,13013632,48.60098124012933,0.011165622095765245
11010922,13008320,25.201105584313495,0.010517009869797492
13062620,13062520,-23.394541493938902,0.011653858254173054
11018920,11018621,-5.393707654466823,0.011469033697379538
13013632,13015015,-0.0001706061642039458,0.011797104262009311
13072003,13072001,5.392556367302063,0.012407824452080017
14023401,13072003,-25.199137364007186,0.01167054565477083
11019620,10100100,7.2005211257226165,0.00884343598767565
11003221,11003021,39.60077966627978,0.010452570311192053
11003021,13064121,-89.99950793251031,0.01009417614436629
98052600,98052500,439.19619681014285,0.010444593942508344
13008123,13008022,50.40555988732433,0.011378287981439405
11000220,11003902,9.000618258152144,0.007530209717745097
11000220,11019620,9.003073174097722,0.007058713135276867
11000220,11010124,-5.398598942770832,0.00760893268985691
11000220,11001020,-26.995112273863356,0.007416114874326543
13072801,13090400,30.603961998468804,0.013345192084082901
11004120,11003820,3.6032558318311203,0.008995182920023864
13072301,13090000,26.99736453830988,0.016447781023308208
13064620,13072402,43.20254445528826,0.011337574522917367
13060526,13060620,-8.997728648783209,0.012111205355549087
12012721,13008821,28.79476032921076,0.012381789914260411
11019620,11002802,100.80016755091754,0.00840916181651776
11090100,11090101,28.799329414549618,0.009532202732491552
14034101,14034100,5.414248814284235,0.014110040381738072
11003420,11003320,36.00447223844867,0.011665290895147196
13064121,13064220,107.9953795744994,0.010186984947319575
11020220,11090102,43.20191123865965,0.010649260594289495
13008320,13008420,-1.7996883556236298,0.010493005034395205
11019721,11090100,44.99973166528059,0.008296695579798933
13090000,13090101,-198.00250998396317,0.01764310922329544
11002400,11002322,-17.9924339421857,0.009781190128503972
11002322,11018920,97.19278618768493,0.010840761483349132
11004120,11014121,50.3981164754,0.010201404554988072
13072600,13072701,79.1936876243484,0.012804239640044214
15024600,98000100,41.40197230630366,0.013069805837094443
13064920,14080123,43.20016737355829,0.007844893232549282
11010520,13008520,35.988215655301076,0.010245631155040567
13060420,12017626,109.80027367784953,0.011106297625388926
13072003,13060320,-113.40203448047296,0.011271853525427216
98000100,98000201,-93.60499106568588,0.012617312863908811
11010922,10100200,5.3931484484033945,0.01158389601948586
14023401,14034101,-1.801165606420966,0.012600093792585816
13008721,13008622,-59.40709776408994,0.011303958892671804
11003902,11004120,-16.19457532649801,0.008829860509156007
11003902,11013902,0.0026213446041083444,0.009589766139082948
