P1,P2,DC,Err
98052200,98052100,75.5997741578706,0.005379412130632047
13064021,13062920,124.19793236715313,0.005361170077763392
13060620,13060720,12.601945242089698,0.005571916046946796
12000525,12013025,1.7987255768469481,0.005601427441241457
13072402,13072600,95.40059553424231,0.005565195176767392
12013025,12012820,-35.999208275568265,0.00565713821874558
13064220,13064320,-1.7997539014749577,0.005322490158338228
11019120,11002400,10.798506439943708,0.005374302316535313
11002802,10119201,135.00099850319089,0.005349187361305615
13008420,13008520,7.2004483298694595,0.005455460087367415
13072701,13072801,37.79971063566461,0.005674697775896922
13062822,13062721,-154.79822414327785,0.005370026505182896
13072200,13072301,41.40031386552499,0.0059262305610378015
13008821,13008721,8.999764029041671,0.005593224751925064
13090400,15024600,-90.00101940299785,0.005701015424994425
11019721,11019620,-32.400939005835994,0.005244859572918228
98052600,98052200,345.59930682921595,0.0053566006376254156
11004021,11010420,37.801074497769264,0.00537953430901172
14080123,14080220,25.199965417662355,0.005459937037336872
13060320,13060220,-133.20221695243035,0.00544894539679304
13064422,13064320,-14.401315026120301,0.005298462147140705
13008622,13008520,-1.7990877297582415,0.005484016687728498
13060720,13008520,-3.602384351273429,0.0054902794863630824
98051500,10114700,-55.80068224313449,0.005403668352894914
10114700,13064920,5.399285781058737,0.005275569237303144
13060220,13008022,-118.79886427296952,0.005486780358511482
11019620,11002521,-28.80007294902248,0.0053024153423988
11002521,11019120,9.00087348965269,0.005372351837355667
11000220,11019721,41.40186564023861,0.005221805175121896
11000220,11004021,3.598013217728635,0.005270634868675078
98052100,13062822,-62.999946911658185,0.005352327124909074
13062822,98001200,-134.99880237032082,0.005363934266333234
13062920,13062822,100.80058499995434,0.005345433046365182
11003820,11019721,45.000356771925,0.005293559196554502
12021420,13060526,-21.601604900707855,0.005619230138213499
11010223,11010520,52.19962419860167,0.005434447648109461
13062420,13062320,50.40068787155235,0.005510410227342346
12012820,12012721,17.9995479094315,0.005669766202948537
13062320,11090102,-32.40125062064334,0.00548175738552878
11090101,11020220,116.99935517518753,0.005411373864419043
11001020,11002400,26.99980761002587,0.00533206156731429
11001020,11017520,3.6001534405488655,0.005366633138600165
98052300,98052600,-307.7998241271794,0.0053158268762384464
13064720,13051600,-336.59926803731776,0.005255608965881676
13051600,98052300,307.7993298662387,0.005261792388179133
13051600,13064920,349.19968309170747,0.005214592367055746
98001200,98000600,-71.99892341506549,0.005418310853765633
13062721,13062620,-52.200688997410595,0.00544403645436841
98000600,13060320,84.5987296271999,0.005429742147445695
13072100,13072200,-19.799327103203325,0.005742826233038607
13064422,13064524,-18.000445450368375,0.00538807163472467
13064422,13064620,14.399629793550503,0.005362633296932084
13064422,13064720,215.99769516103026,0.005293051326519
98000700,14023401,-59.400095649379665,0.005487736415432685
98050800,98051500,43.20090384067035,0.005508116933720946
13008220,13008123,1.79949195355357,0.0054770603054854665
12017626,12000525,-19.800260894679354,0.005556172945838584
12000525,12021420,-17.999973669444955,0.005586258135403196
11010420,11010320,-12.600228198804189,0.005445555069852373
11010320,11010922,16.199673558985978,0.005470502661209308
13015015,13013520,-16.200881690954247,0.005594540425833074
13062520,13062420,-5.398730971017358,0.005513691244305986
11018621,11003420,116.99871772455458,0.005547668102015247
10119201,11003021,-19.80092890220982,0.005362537482386568
11017520,13060420,48.600379162710055,0.005465707841465832
98052500,98000700,-5.39903729035052,0.005449757457257904
13072402,10107200,5.400342788783917,0.005609010861412609
98000201,98050800,77.39971927498476,0.005588469800537381
13064524,13072100,106.20062525520683,0.005564409044685079
11010124,11010223,-7.198260522617716,0.005375426606087633
13013520,13008721,37.80141907806819,0.005577232913625579
11003320,11003221,-41.4012914041312,0.005486086537558798
13064320,13064021,26.99986459721299,0.00532760098737337
13008320,13008220,-3.600312993769421,0.005449572935641152
13008220,13013632,48.600140279881884,0.005504874595268281
11010922,13008320,25.20009602452899,0.005455479214687541
13062620,13062520,-23.398822103178986,0.005491672452817799
11018920,11018621,-5.398699400701673,0.005532087107352752
13013632,13015015,0.00035926226996707555,0.005570552780587296
13072003,13072001,5.398059261565066,0.00556017341699096
14023401,13072003,-25.199639313492497,0.005487894822985116
11019620,10100100,7.200056907027488,0.005336558588100114
11003221,11003021,39.600495785954934,0.005406735498803539
11003021,13064121,-89.99976800549177,0.005363523865296041
98052600,98052500,439.19940892137816,0.005377359107845556
13008123,13008022,50.40106425048134,0.005496538966946181
11000220,11003902,9.000256658816511,0.005268236504071801
11000220,11019620,9.000926634402617,0.0052278497091206855
11000220,11010124,-5.399742278702661,0.005269904921184401
11000220,11001020,-26.99957399504933,0.005255922711598713
13072801,13090400,30.60108588209431,0.005698333042190596
11004120,11003820,3.600367422942668,0.005362908670075117
13072301,13090000,26.998898993580838,0.006107585626667103
13064620,13072402,43.20059514966641,0.005476541207721346
13060526,13060620,-9.000161950084248,0.005614859891974881
12012721,13008821,28.799505695656308,0.005647924023280546
11019620,11002802,100.80003139318546,0.005291500274212695
11090100,11090101,28.80001559283022,0.00537104061147851
14034101,14034100,5.4030917096874305,0.005740872329011418
11003420,11003320,36.00130070876651,0.005532727883923522
13064121,13064220,107.99906200813757,0.005357971032867703
11020220,11090102,43.20036660133047,0.005445270151838597
13008320,13008420,-1.8002389592020336,0.005454477305184863
11019721,11090100,45.00031772049783,0.005294103223430093
13090000,13090101,-198.00046404689198,0.006286407194243066
11002400,11002322,-17.99794764996875,0.005405361298197889
11002322,11018920,97.19821824911821,0.005484905279126434
11004120,11014121,50.39990129970977,0.005461750426757807
13072600,13072701,79.19860791415749,0.0056297111859086105
15024600,98000100,41.40052778023809,0.005683920113224284
13064920,14080123,43.199307846126786,0.005291166225406464
11010520,13008520,35.99721707359481,0.00544625070447608
13060420,12017626,109.80032038676666,0.005528709299064898
13072003,13060320,-113.4004987509135,0.0054513164076974326
98000100,98000201,-93.60084972477529,0.005646032034722795
11010922,10100200,5.398047728678762,0.005555237698295006
14023401,14034101,-1.8002109030938982,0.005580024484683355
13008721,13008622,-59.40142683507071,0.005542966454333363
11003902,11004120,-16.199115213445566,0.005354575207936997
11003902,11013902,0.0006213594119799382,0.00541540987623171
