P1,P2,DC,Err,res,meter
11000220,11019721,41.40944133754874,0.006884282493279323,0.0024150395725897056,C098
11019721,11090100,44.99973166528059,0.008296695579798933,-0.007712263405899478,C098
11090100,11090101,28.799329414549618,0.009532202732491552,0.0043153089067722306,C098
11090101,11020220,116.99576349816533,0.010145973121325216,0.003678945192874039,C098
11020220,11090102,43.20191123865965,0.010649260594289495,-0.002574281913425125,C098
11090102,11020220,-43.20191123865965,0.010649260594289495,0.0060520013983094145,C098
11020220,11090101,-116.99576349816533,0.010145973121325216,-0.006046230343983439,C098
11090101,11090100,-28.799329414549618,0.009532202732491552,0.0006526505542261418,C098
11090100,11090101,28.799329414549618,0.009532202732491552,0.0040184583981428545,C098
11090101,11020220,116.99576349816533,0.010145973121325216,-0.006866941043412567,C098
11020220,11090102,43.20191123865965,0.010649260594289495,0.00307198378695972,C098
11090102,11020220,-43.20191123865965,0.010649260594289495,-0.0044367517255849975,C098
11020220,11090101,-116.99576349816533,0.010145973121325216,0.003975782293352381,C098
11090101,11090100,-28.799329414549618,0.009532202732491552,0.008798664550045743,C098
11090100,11019721,-44.99973166528059,0.008296695579798933,-0.006594715606169643,C098
11019721,11000220,-41.40944133754874,0.006884282493279323,-0.005211176295041753,C098
11000220,11003902,9.000618258152144,0.007530209717745097,-0.0024409482558542805,C098
11003902,11013902,0.0026213446041083444,0.009589766139082948,0.0019636637075634913,C098
11013902,11003902,-0.0026213446041083444,0.009589766139082948,0.001963663707411186,C098
11003902,11004120,-16.19457532649801,0.008829860509156007,-0.0036701004866870335,C098
11004120,11014121,50.3981164754,0.010201404554988072,0.00431195705692744,C098
11014121,11004120,-50.3981164754,0.010201404554988072,0.004311957056991389,C098
11004120,11003820,3.6032558318311203,0.008995182920023864,-0.004444083685043676,C098
11003820,11019721,45.00014257406349,0.008096333024399114,-0.00019563759936147562,C098
11019721,11003820,-45.00014257406349,0.008096333024399114,0.002125018808712298,C098
11003820,11004120,-3.6032558318311203,0.008995182920023864,-0.00212342727622028,C098
11004120,11003902,16.19457532649801,0.008829860509156007,-0.0013494440793166973,C098
11003902,11000220,-9.000618258152144,0.007530209717745097,-0.00012029184798478809,C098
13064422,13064320,-14.405992035842416,0.00946475999905241,0.003104794109630049,C098
13064320,13064422,14.405992035842416,0.00946475999905241,0.0031358579389735297,C098
13064422,13064524,-18.00280611647281,0.010429003264012004,-0.003218715205694167,C098
13064524,13072100,106.20342444473823,0.012202554328376086,0.010449933674635759,C098
13072100,13072200,-19.796556519891737,0.013753030927332722,-0.005598660285581758,C098
13072200,13072301,41.40055141870488,0.015157945562577628,-0.0027484407074993555,C098
13072301,13090000,26.99736453830988,0.016447781023308208,0.0016069914326664048,C098
13090000,13090101,-198.00250998396317,0.01764310922329544,-0.0018994880873606235,C098
13090101,13090000,198.00250998396317,0.01764310922329544,-0.0018994880884406484,C098
13090000,13072301,-26.99736453830988,0.016447781023308208,0.0016069914301901633,C098
13072301,13072200,-41.40055141870488,0.015157945562577628,-0.0027484407082809525,C098
13072200,13072100,19.796556519891737,0.013753030927332722,-0.005598660287056134,C098
13072100,13064524,-106.20342444473823,0.012202554328376086,0.010449933674195222,C098
13064524,13064422,18.00280611647281,0.010429003264012004,-0.003218715207431444,C098
13064422,13064620,14.398185401228034,0.010140423194457567,-0.005594094255418014,C098
13064620,13072402,43.20254445528826,0.011337574522917367,-0.0020290385242276443,C098
13072402,10107200,5.4004871469244335,0.012653021549682996,0.0045820273926509,C098
10107200,13072402,-5.4004871469244335,0.012653021549682996,0.004582027392785903,C098
13072402,13072600,95.40444475431184,0.012203252204259808,0.0016282897826869203,C098
13072600,13072701,79.1936876243484,0.012804239640044214,-0.007332159929717363,C098
13072701,13072801,37.79998846245286,0.013179681314280272,0.008646598822622309,C098
13072801,13090400,30.603961998468804,0.013345192084082901,0.0015646208825685903,C098
13090400,15024600,-90.00277092830513,0.013308107410261541,-0.006433732949147952,C098
15024600,98000100,41.40197230630366,0.013069805837094443,-0.004148485908565647,C098
98000100,98000201,-93.60499106568588,0.012617312863908811,0.006133479402421926,C098
98000201,98050800,77.39649596635282,0.011926971933852558,0.005411911725929031,C098
98050800,98051500,43.204983505903826,0.010952416745496553,-0.009961203501433147,C098
98051500,10114700,-55.802402065241054,0.009607301852441756,0.005325294562993577,C098
10114700,13064920,5.394760083484172,0.00770177414869407,0.0007370870469909363,C098
13064920,10114700,-5.394760083484172,0.00770177414869407,0.0015821356862302238,C098
10114700,98051500,55.802402065241054,0.009607301852441756,0.006170343201958417,C098
98051500,98050800,-43.204983505903826,0.010952416745496553,-0.009116154862581993,C098
98050800,98000201,-77.39649596635282,0.011926971933852558,0.00625696036520651,C098
98000201,98000100,93.60499106568588,0.012617312863908811,0.006978528041429399,C098
98000100,15024600,-41.40197230630366,0.013069805837094443,-0.003303437269842391,C098
15024600,13090400,90.00277092830513,0.013308107410261541,-0.005588684310140479,C098
13090400,13072801,-30.603961998468804,0.013345192084082901,0.002409669521643565,C098
13072801,13072701,-37.79998846245286,0.013179681314280272,0.009491647461359776,C098
13072701,13072600,-79.1936876243484,0.012804239640044214,-0.006487111290837788,C098
13072600,13072402,-95.40444475431184,0.012203252204259808,0.0024733384225470445,C098
13072402,13064620,-43.20254445528826,0.011337574522917367,-0.0011839898853338582,C098
13064620,13064422,-14.398185401228034,0.010140423194457567,-0.004749045617211678,C098
13064422,13064720,215.9883092872052,0.009256390766567611,-5.704613872126174e-05,C098
13064720,13051600,-336.5964015183391,0.008536803017939862,-0.003504286697932457,C098
13051600,98052300,307.7970999413774,0.008632128705517755,-0.00464036923921185,C098
98052300,98052600,-307.79892202375925,0.009584639914106961,0.0013433572181043019,C098
98052600,98052300,307.79892202375925,0.009584639914106961,0.0013232300895538174,C098
98052300,13051600,-307.7970999413774,0.008632128705517755,-0.004660496368330769,C098
13051600,13064920,349.19895273004454,0.007229579031234533,-0.0018339199612569246,C098
13064920,14080123,43.20016737355829,0.007844893232549282,0.0042889708469218135,C098
14080123,14080220,25.19684022230515,0.010081676322717933,-0.0033296071210955347,C098
14080220,14080123,-25.19684022230515,0.010081676322717933,-0.0033296071214934386,C098
14080123,13064920,-43.20016737355829,0.007844893232549282,0.004288970847078133,C098
13064920,13051600,-349.19895273004454,0.007229579031234533,-0.002689905296335837,C098
13051600,13064720,336.5964015183391,0.008536803017939862,-0.004380399164915616,C098
13064720,13064422,-215.9883092872052,0.009256390766567611,-0.0009331586056759988,C098
98052600,98052500,439.19619681014285,0.010444593942508344,0.004940932787235397,C098
98052500,98000700,-5.39466867857891,0.011280173948809523,-0.007387392803975601,C098
98000700,14023401,-59.39967519979632,0.011673778901538631,0.00015059149981055953,C098
14023401,14034101,-1.801165606420966,0.012600093792585816,0.005573241313508559,C098
14034101,14034100,5.414248814284235,0.014110040381738072,0.0008146964124033929,C098
14034100,14034101,-5.414248814284235,0.014110040381738072,0.0008146964119193356,C098
14034101,14023401,1.801165606420966,0.012600093792585816,0.005573241311945809,C098
14023401,13072003,-25.199137364007186,0.01167054565477083,0.0024270720438437365,C098
13072003,13072001,5.392556367302063,0.012407824452080017,-0.002464158097111202,C098
13072001,13072003,-5.392556367302063,0.012407824452080017,-0.0024641580970934385,C098
13072003,13060320,-113.40203448047296,0.011271853525427216,0.005385490572592744,C098
13060320,13072003,113.40203448047296,0.011271853525427216,0.004991131419203043,C098
13072003,14023401,25.199137364007186,0.01167054565477083,0.002032712888134114,C098
14023401,98000700,59.39967519979632,0.011673778901538631,-0.00024376765244227272,C098
98000700,98052500,5.39466867857891,0.011280173948809523,-0.007781751957665506,C098
98052500,98052600,-439.19619681014285,0.010444593942508344,0.004546573633604112,C098
98052600,98052200,345.5970795237366,0.010202517183719591,0.001904137050985355,C098
98052200,98052100,75.5991515808501,0.010513403623953074,0.0030828015470945047,C098
98052100,13062822,-63.00094646504493,0.010219628329265104,-0.0020129313216585842,C098
13062822,98001200,-134.99442321362665,0.010356481883622986,-0.004723008631401626,C098
98001200,98000600,-71.99458199603231,0.010950995813778326,0.004889630195023642,C098
98000600,13060320,84.59440165740463,0.011040931609891991,-0.00531051824096096,C098
13060320,13060220,-133.20992290994494,0.011178189324367791,0.006171182316421664,C098
13060220,13008022,-118.7932405536776,0.011437838416039839,-0.0036620300721352805,C098
13008022,13060220,118.7932405536776,0.011437838416039839,-0.003265027034970558,C098
13060220,13060320,133.20992290994494,0.011178189324367791,0.00656818535247794,C098
13060320,98000600,-84.59440165740463,0.011040931609891991,-0.004519156046953299,C098
98000600,98001200,71.99458199603231,0.010950995813778326,0.005680992387297579,C098
98001200,13062822,134.99442321362665,0.010356481883622986,-0.0039316464402077145,C098
13062822,98052100,63.00094646504493,0.010219628329265104,-0.0016386992946522128,C098
98052100,98052200,-75.5991515808501,0.010513403623953074,0.003457033574065349,C098
98052200,98052600,-345.5970795237366,0.010202517183719591,0.0022783690768619635,C098
11000220,11019620,9.003073174097722,0.007058713135276867,0.001225424820963994,C098
11019620,11002521,-28.800068802101464,0.008382948349440604,0.0038506370139614887,C098
11002521,11019120,9.003934710408203,0.009303280093384426,-0.0012210878235929812,C098
11019120,11002400,10.796660915633197,0.009313999478013178,0.0009514171303255381,C098
11002400,11002322,-17.9924339421857,0.009781190128503972,-0.008781939178334142,C098
11002322,11018920,97.19278618768493,0.010840761483349132,0.006751316644752592,C098
11018920,11018621,-5.393707654466823,0.011469033697379538,-0.0005311488396513298,C098
11018621,11003420,116.99361346837156,0.011735671846380644,-0.002630572065555725,C098
11003420,11003320,36.00447223844867,0.011665290895147196,0.006595948158967246,C098
11003320,11003221,-41.40540394715822,0.011251091238446692,0.00012305008905855175,C098
11003221,11003021,39.60077966627978,0.010452570311192053,-0.006577797181563483,C098
11003021,11003221,-39.60077966627978,0.010452570311192053,-0.0058724723328040795,C098
11003221,11003320,41.40540394715822,0.011251091238446692,0.0008283749376616356,C098
11003320,11003420,-36.00447223844867,0.011665290895147196,0.007301273007954023,C098
11003420,11018621,-116.99361346837156,0.011735671846380644,-0.0019252472167750057,C098
11018621,11018920,5.393707654466823,0.011469033697379538,0.00017417600928659738,C098
11018920,11002322,-97.19278618768493,0.010840761483349132,0.007456641493632787,C098
11002322,11002400,17.9924339421857,0.009781190128503972,-0.008076614328498266,C098
11002400,11019120,-10.796660915633197,0.009313999478013178,-0.0003461911907063353,C098
11019120,11002521,-9.003934710408203,0.009303280093384426,-0.0025186961436691746,C098
11002521,11019620,28.800068802101464,0.008382948349440604,0.002553028694151749,C098
11019620,11000220,-9.003073174097722,0.007058713135276867,0.009115037952629024,C098
11000220,11019721,41.40944133754874,0.006884282493279323,-0.009915930899509817,C098
11019721,11019620,-32.40636816345102,0.007464924783368345,0.0074351402052244,C098
11019620,10100100,7.2005211257226165,0.00884343598767565,-0.0019302807265058064,C098
10100100,11019620,-7.2005211257226165,0.00884343598767565,-0.0019302807265129118,C098
11019620,11002802,100.80016755091754,0.00840916181651776,0.005257677040646058,C098
11002802,10119201,135.0049560164178,0.009487502617603547,0.0066228149563869465,C098
10119201,11003021,-19.804490726421193,0.009883976787343356,-0.0015748077424149187,C098
11003021,13064121,-89.99950793251031,0.01009417614436629,-0.0006155423164386775,C098
13064121,13064220,107.9953795744994,0.010186984947319575,-0.001815875142852974,C098
13064220,13064320,-1.7964438291011788,0.009821197075404877,0.0010834835019517541,C098
13064320,13064021,26.99966325601514,0.00987016765150236,0.003354822638407029,C098
13064021,13062920,124.18886235637092,0.010275753750752731,-0.003492232971339604,C098
13062920,13062822,100.80283674948237,0.01012707755933731,0.006797712738702444,C098
13062822,13062721,-154.7922044894388,0.01041773353649394,0.0023305404943414487,C098
13062721,13062620,-52.20370690861421,0.0112079302175483,-0.0004246547433979231,C098
13062620,13062520,-23.394541493938902,0.011653858254173054,-0.0038821301461666735,C098
13062520,13062420,-5.396423169003469,0.011795820463843016,0.009552330291111133,C098
13062420,13062320,50.402543452076316,0.011644750675904147,-0.005845470984837675,C098
13062320,11090102,-32.40398642664519,0.011189016499909868,0.0017079222886806633,C098
11090102,13062320,32.40398642664519,0.011189016499909868,0.0005903744881834427,C098
13062320,13062420,-50.402543452076316,0.011644750675904147,-0.0069630187845177716,C098
13062420,13062520,5.396423169003469,0.011795820463843016,0.008434782491094417,C098
13062520,13062620,23.394541493938902,0.011653858254173054,-0.004999677946102565,C098
13062620,13062721,52.20370690861421,0.0112079302175483,-0.0015422025427440644,C098
13062721,13062822,154.7922044894388,0.01041773353649394,0.0012129926942634484,C098
13062822,13062920,-100.80283674948237,0.01012707755933731,0.00609729510365753,C098
13062920,13064021,-124.18886235637092,0.010275753750752731,-0.004192650606867687,C098
13064021,13064320,-26.99966325601514,0.00987016765150236,0.002654405004697935,C098
13064320,13064220,1.7964438291011788,0.009821197075404877,0.0003520020352876241,C098
13064220,13064121,-107.9953795744994,0.010186984947319575,-0.002547356607564666,C098
13064121,11003021,89.99950793251031,0.01009417614436629,-0.001347023781093526,C098
11003021,10119201,19.804490726421193,0.009883976787343356,-0.003011614056777745,C098
10119201,11002802,-135.0049560164178,0.009487502617603547,0.0051860086421697815,C098
11002802,11019620,-100.80016755091754,0.00840916181651776,0.0038208707262867847,C098
11019620,11019721,32.40636816345102,0.007464924783368345,-0.003188887560980902,C098
11019721,11000220,-41.40944133754874,0.006884282493279323,-0.014116851408175535,C098
11000220,11004021,3.5904903129769536,0.0076255089563349475,0.006221473847019432,C098
11004021,11010420,37.80266704260646,0.00929557889398805,0.0036374808869439335,C098
11010420,11010320,-12.596658437927658,0.010225691259877403,-0.002770113465535573,C098
11010320,11010922,16.196300670068354,0.010612591129238626,0.0018277151063657016,C098
11010922,13008320,25.201105584313495,0.010517009869797492,-0.0015815993928569583,C098
13008320,13008420,-1.7996883556236298,0.010493005034395205,0.007062253333468327,C098
13008420,13008520,7.201990707837638,0.010425936055554183,-0.001283020564500248,C098
13008520,13008420,-7.201990707837638,0.010425936055554183,-0.0032475268225002907,C098
13008420,13008320,1.7996883556236298,0.010493005034395205,0.005097747075134773,C098
13008320,13008220,-3.5991412051190537,0.010532830596262886,0.001746950556394733,C098
13008220,13008123,1.7964053196484429,0.01099495657363948,0.002916451495692085,C098
13008123,13008022,50.40555988732433,0.011378287981439405,-0.0016660406466115774,C098
13008022,13008123,-50.40555988732433,0.011378287981439405,-0.0020630436821562625,C098
13008123,13008220,-1.7964053196484429,0.01099495657363948,0.002519448459596507,C098
13008220,13013632,48.60098124012933,0.011165622095765245,-0.003338247185844523,C098
13013632,13015015,-0.0001706061642039458,0.011797104262009311,0.004020433278292454,C098
13015015,13013520,-16.203008539968323,0.011966913329234932,-0.012151505336294832,C098
13013520,13008721,37.80691135679359,0.011694746527930715,0.010033826775973864,C098
13008721,13008622,-59.40709776408994,0.011303958892671804,-0.009717144573116343,C098
13008622,13008520,-1.7961721293673918,0.010698279360445513,0.006903353983430893,C098
13008520,13008622,1.7961721293673918,0.010698279360445513,0.006099327647232533,C098
13008622,13008721,59.40709776408994,0.011303958892671804,-0.010521170909562727,C098
13008721,13013520,-37.80691135679359,0.011694746527930715,0.01019147197860093,C098
13013520,13015015,16.203008539968323,0.011966913329234932,-0.011993860133582501,C098
13015015,13013632,0.0001706061642039458,0.011797104262009311,0.004178078480470238,C098
13013632,13008220,-48.60098124012933,0.011165622095765245,-0.003180601983217457,C098
13008220,13008320,3.5991412051190537,0.010532830596262886,0.0015075927217731433,C098
13008320,11010922,-25.201105584313495,0.010517009869797492,-0.0037854634849701085,C098
11010922,10100200,5.3931484484033945,0.01158389601948586,0.0010225465404838374,C098
10100200,11010922,-5.3931484484033945,0.01158389601948586,0.0010225465404278822,C098
11010922,11010320,-16.196300670068354,0.010612591129238626,-0.000376148986575231,C098
11010320,11010420,12.596658437927658,0.010225691259877403,-0.004973977557941822,C098
11010420,11004021,-37.80266704260646,0.00929557889398805,0.001433616794820125,C098
11004021,11000220,-3.5904903129769536,0.0076255089563349475,0.004017609754704221,C098
11000220,11010124,-5.398598942770832,0.00760893268985691,0.0018910094677710987,C098
11010124,11010223,-7.190944028313766,0.009219335857782876,-0.0026922056964924224,C098
11010223,11010520,52.19753484003513,0.01003415036653402,-0.00041608871126186386,C098
11010520,13008520,35.988215655301076,0.010245631155040567,-8.770209492325876e-05,C098
13008520,11010520,-35.988215655301076,0.010245631155040567,-0.000244793267320631,C098
11010520,11010223,-52.19753484003513,0.01003415036653402,-0.0005731798843484626,C098
11010223,11010124,7.190944028313766,0.009219335857782876,-0.002849296868273399,C098
11010124,11000220,5.398598942770832,0.00760893268985691,0.0017339182954954069,C098
11000220,11001020,-26.995112273863356,0.007416114874326543,-0.00024340890257690262,C098
11001020,11002400,26.998712271901013,0.008697512145029347,-0.00036859938861155683,C098
11002400,11001020,-26.998712271901013,0.008697512145029347,0.001634333779129804,C098
11001020,11017520,3.5983994305984197,0.009108893213364134,-0.004049657185593247,C098
11017520,13060420,48.603116988788315,0.01036682710427289,-0.003074228345667507,C098
13060420,12017626,109.80027367784953,0.011106297625388926,-0.001787229868298823,C098
12017626,12000525,-19.800321183498454,0.011440493212659058,0.008548866996967774,C098
12000525,12021420,-18.001349353541343,0.011797469649725896,0.0008769635348357951,C098
12021420,13060526,-21.608086852173017,0.012151423013405677,-0.006221543656216966,C098
13060526,13060620,-8.997728648783209,0.012111205355549087,-0.003010685492272458,C098
13060620,13060720,12.608438070653847,0.011676342442524043,0.0022378834549865445,C098
13060720,13008520,-3.6114223317791243,0.010796041701655358,-0.002160703049085555,C098
13008520,13060720,3.6114223317791243,0.010796041701655358,0.0007649207174278416,C098
13060720,13060620,-12.608438070653847,0.011676342442524043,0.0051635072210292066,C098
13060620,13060526,8.997728648783209,0.012111205355549087,-8.506172577682491e-05,C098
13060526,12021420,21.608086852173017,0.012151423013405677,-0.0032959198898403486,C098
12021420,12000525,18.001349353541343,0.011797469649725896,0.0038025873010205657,C098
12000525,12013025,1.7922408161387011,0.011903130070648003,-0.0015501988780175502,C098
12013025,12012820,-35.99494953721512,0.012436061841035906,0.002761670777879033,C098
12012820,12012721,17.999267351783885,0.012577989174731801,-0.005850515785454036,C098
12012721,13008821,28.79476032921076,0.012381789914260411,-0.0010241209583092825,C098
13008821,13008721,9.00180181791626,0.011824651853147614,-0.001936854899142304,C098
13008721,13008821,-9.00180181791626,0.011824651853147614,-0.0028985264375513964,C098
13008821,12012721,-28.79476032921076,0.012381789914260411,-0.0019857924968356144,C098
12012721,12012820,-17.999267351783885,0.012577989174731801,-0.00681218732469091,C098
12012820,12013025,35.99494953721512,0.012436061841035906,0.0017999992389974295,C098
12013025,12000525,-1.7922408161387011,0.011903130070648003,-0.002511870416827211,C098
12000525,12017626,19.800321183498454,0.011440493212659058,0.01051281922441305,C098
12017626,13060420,-109.80027367784953,0.011106297625388926,0.00017672235870236364,C098
13060420,11017520,-48.603116988788315,0.01036682710427289,-0.0011102761181120968,C098
11017520,11001020,-3.5983994305984197,0.009108893213364134,-0.0020857049588647314,C098
11001020,11000220,26.995112273863356,0.007416114874326543,0.003723476492524469,C098
