sta,lon,lat,elev,g_value,g_error
10100100,116.22,40.25,101.0,558.7963988815038,0.007009120217118147
10100200,115.885,39.603,87.0,524.6140451451967,0.008781690090692096
10107200,114.9,40.828,832.07,256.38965031414125,0.009490142300703453
10114700,114.149,40.126,942.31,96.19476690215554,0.006210514291221341
10119201,115.965,40.365,555.9,330.1917964398911,0.006955379020064712
11000220,116.31,39.946,51.9,574.9999931813242,0.004554869622286429
11001020,116.649,39.917,55.0,601.9951054551875,0.005852514207857994
11002322,116.636,40.301,30.0,592.9888271254722,0.007367284803113712
11002400,116.644,40.136,42.0,574.9963931832865,0.006433878687055991
11002521,116.392,40.176,36.0,594.7969888093279,0.006418350970404041
11002802,116.072,40.287,233.7,465.1967524563089,0.006452550550462801
11003021,115.992,40.466,480.8,349.9962871663123,0.007022513782114346
11003221,116.166,40.53,516.0,389.5970668325921,0.007742126729163478
11003320,116.348,40.554,703.0,348.19166288543386,0.008163732465326404
11003420,116.537,40.558,625.0,384.1961351238825,0.008332615669943007
11003820,116.143,40.051,73.0,578.5906944178389,0.0062373151492233605
11003902,116.15,40.025,11.0,565.999374923172,0.005996434033423113
11004021,116.24,39.913,65.9,571.4095028683472,0.006115680629914939
11004120,116.175,40.038,65.0,582.19395024967,0.006481451650205978
11010124,116.402,39.829,48.0,580.398592124095,0.006094999540832255
11010223,116.337,39.731,39.0,587.5895361524088,0.006917162297926494
11010320,116.137,39.747,47.8,546.2034942636684,0.007453759074124531
11010420,116.113,39.85,74.0,533.6068358257407,0.007000445514911127
11010520,116.316,39.509,40.0,535.3920013123736,0.007268909087501306
11010922,116.028,39.611,31.3,530.0071935936,0.007554373974149056
11013902,116.15,40.025,11.0,565.9967535785679,0.007483741944048236
11014121,116.175,40.04,200.0,531.79583377427,0.007877781375525318
11017520,116.787,39.778,16.0,598.3967060245891,0.006979972279263828
11018621,116.64,40.625,28.0,501.1897485922541,0.008263988733229947
11018920,116.657,40.486,21.0,495.79604093778727,0.007952686600682555
11019120,116.5,40.167,46.0,585.7930540989197,0.006734670839519659
11019620,116.213,40.221,70.0,565.9969200072264,0.005392457125476518
11019721,116.12,40.178,75.0,533.5905518437754,0.005162025588007528
11020220,115.924,40.141,608.0,342.7957272657799,0.007366582044472526
11090100,115.984,40.135,212.0,488.5908201784948,0.006495279006525484
11090101,115.968,40.14,284.0,459.7914907639452,0.006976692594683296
11090102,115.904,40.142,726.0,299.5938160271202,0.007690267887865937
12000525,116.998,39.527,6.0,459.7936365414497,0.008141629394400966
12012721,116.999,39.195,13.0,475.99707791074223,0.008885299873869868
12012820,117.168,39.178,6.0,493.9963452625261,0.008902654538455285
12013025,117.062,39.379,7.0,458.001395725311,0.008683223841580434
12017626,116.958,39.619,0.1,439.99331535795125,0.008037335115143833
12021420,116.871,39.522,18.0,477.79498589499104,0.008537807736206634
13008022,115.491,39.349,60.0,456.20326400743284,0.008122681653358374
13008123,115.719,39.383,40.0,506.60882389475717,0.007967903121070416
13008220,115.871,39.326,29.3,508.4052292144056,0.007576383696029019
13008320,115.958,39.48,28.0,504.80608800928655,0.0073170301666808275
13008420,116.143,39.476,24.0,506.6057763649102,0.007520919105516684
13008520,116.294,39.439,22.0,499.40378565707255,0.007220520649009934
13008622,116.333,39.267,14.0,497.60761352770515,0.007894128376923928
13008721,116.389,39.133,3.0,438.2005157636152,0.008090872871072586
13008821,116.732,39.139,7.0,447.2023175815315,0.008623234174733336
13013520,116.197,39.137,18.0,476.0074271204088,0.00844422125105028
13013632,115.985,39.187,8.73,459.8042479742763,0.008201800221657847
13015015,116.034,39.123,81.27,459.8044185804405,0.00847951308111094
13051600,114.342,40.148,890.0,439.9989595487159,0.005614265374279905
13060220,115.191,39.353,188.0,337.41002345375523,0.008052713231553201
13060320,115.159,39.427,519.0,204.2001005438103,0.007752788284338614
13060420,116.891,39.71,33.0,549.7935890358008,0.00766492603947328
13060526,116.748,39.515,15.0,499.40307274716406,0.00864655540144717
13060620,116.568,39.505,21.0,508.40080139594727,0.008480470202411283
13060720,116.495,39.415,19.0,495.7923633252934,0.008026119733788096
13062320,115.823,40.167,760.0,267.18982960047504,0.008127353200649843
13062420,115.796,40.338,499.0,317.59237305255135,0.008339445320634752
13062520,115.616,40.257,540.0,312.1959498835479,0.008342363703373332
13062620,115.526,40.26,552.0,288.801408389609,0.008137406223668363
13062721,115.406,40.219,726.0,236.59770148099477,0.007707160288487304
13062822,115.273,40.158,1053.0,81.80549699155597,0.0070091976948117845
13062920,115.147,40.246,795.0,182.60833374103834,0.007309503920778653
13064021,115.208,40.373,544.0,306.79719609740926,0.007222345019329271
13064121,115.756,40.437,519.6,439.9957950988226,0.0072509787072854905
13064220,115.524,40.397,528.0,332.0004155243232,0.007155275683256936
13064320,115.311,40.454,544.0,333.7968593534244,0.006727402313711682
13064422,115.168,40.537,646.0,319.390867317582,0.006657607674617759
13064524,115.028,40.61,677.0,337.3936734340548,0.008027475887951564
13064620,114.891,40.776,748.0,304.99268191635394,0.007648819687609568
13064720,114.833,40.406,1113.0,103.40255803037678,0.0064309431714382964
13064920,114.16,40.101,896.0,90.80000681867136,0.004554869622286434
13072001,114.918,39.435,735.0,85.40550969603527,0.00932765522072546
13072003,114.898,39.399,735.0,90.79806606333733,0.00818223415192378
13072100,115.406,40.691,858.0,231.19024898931656,0.009190318982784341
13072200,115.837,40.914,890.0,250.9868055092083,0.010231514877223418
13072301,116.072,41.121,988.0,209.58625409050342,0.011183890959555295
13072402,114.899,40.828,825.0,261.7901374610657,0.008368760568276597
13072600,114.725,40.93,1084.0,166.38569270675384,0.008881622087863828
13072701,114.695,41.165,1385.0,87.19200508240544,0.009223087435780328
13072801,114.403,41.082,1451.1,49.392016619952585,0.009414810550294658
13090000,116.326,41.232,1064.0,182.58888955219354,0.0120602688027869
13090101,116.633,41.218,673.0,380.5913995361567,0.012877469451319139
13090400,114.102,41.122,1485.0,18.78805462148378,0.009458091459862785
14023401,114.71,39.34,823.0,65.59892869933014,0.008321819522387065
14034100,114.397,39.302,734.0,61.985845491466876,0.010468216474428773
14034101,114.397,39.302,734.0,67.40009430575111,0.00946095573495496
14080123,113.956,40.037,920.0,47.599839445113076,0.006387136490953497
14080220,113.598,40.034,1038.0,22.402999222807928,0.007800300309730493
15024600,113.828,41.017,1288.0,108.7908255497889,0.00936217008924367
98000100,113.835,40.877,1304.74,67.38885324348524,0.009119736610199833
98000201,114.233,40.686,943.7,160.99384430917112,0.008719345621452313
98000600,115.27,39.671,416.0,288.7945022012149,0.007861071468478968
98000700,114.759,39.528,1020.94,6.199253499533825,0.008186845160306013
98001200,115.334,39.925,598.0,216.79992020518262,0.00762416321184537
98050800,114.087,40.406,982.28,83.59734834281831,0.008137915669541373
98051500,114.087,40.255,1205.18,40.39236483691448,0.007330058739359889
98052100,115.102,40.106,1160.56,18.804550526511036,0.007437200472177889
98052200,114.855,40.01,871.12,94.40370210736114,0.0074309962250553325
98052300,114.721,40.092,863.6,132.20185960733852,0.006556955871117737
98052500,114.783,39.84,1130.41,0.8045848209549149,0.007760018726560849
98052600,114.626,39.84,918.0,440.00078163109777,0.006990826273575029
